# Avida Average Data
# Fri Oct 16 06:18:44 2015
#  1: Update
#  2: Merit
#  3: Gestation Time
#  4: Fitness
#  5: Repro Rate?
#  6: (deprecated) Size
#  7: Copied Size
#  8: Executed Size
#  9: (deprecated) Abundance
# 10: Proportion of organisms that gave birth in this update
# 11: Proportion of Breed True Organisms
# 12: (deprecated) Genotype Depth
# 13: Generation
# 14: Neutral Metric
# 15: Lineage Label
# 16: True Replication Rate (based on births/update, time-averaged)

0 196.75 887.5 0 0 0 199.75 196.75 0 1 1 0 0 0 0 0 
25 196.75 887.5 0.0374525 0 0 199.75 196.75 0 0 0 0 0.15 0.00904387 0 0 
50 196.75 887.5 0.224486 0 0 199.75 196.75 0 0 0 0 1.025 0.101427 0 0 
75 196.75 887.5 0.224486 0 0 199.75 196.75 0 0 0 0 2.05 -0.166442 0 0 
100 196.75 887.5 0.224486 0 0 199.75 196.75 0 0 0 0 2.95 -0.174993 0 0 
125 196.78 867.8 0.229526 0 0 199.8 196.8 0 0 0 0 3.6 -0.182269 0 0 
150 196.766 933.745 0.212706 0 0 199.681 196.67 0 0 0 0 4.3617 -0.547248 0 0 
175 196.728 906.342 0.219635 0 0 199.649 196.667 0 0 0 0 5.28947 -0.543036 0 0 
200 196.712 893.932 0.222791 0 0 199.61 196.686 0 0 0 0 6.14407 -0.695008 0 0 
225 196.733 884.308 0.225269 0 0 199.646 196.723 0 0 0 0 6.8 -0.644491 0 0 
250 196.756 864.553 0.23034 0 0 199.75 196.784 0 0 0 0 8.02404 -0.517236 0 0 
275 196.703 914.608 0.217497 0 0 199.692 196.627 0 0 0 0 8.82353 -0.579776 0 0 
300 196.64 906.796 0.219451 0 0 199.658 196.569 0 0.00416667 0.00416667 0 9.56875 -0.944595 0 0 
325 196.526 891.627 0.223165 0 0 199.644 196.458 0 0.0265152 0.0189394 0 10.197 -0.987907 0 0 
350 196.468 887.459 0.224141 0 0 199.681 196.387 0 0 0 0 11.242 -0.969434 0 0 
375 196.456 866.196 0.229602 0 0 199.744 196.41 0 0.00910747 0.00364299 0 12.4973 -0.971818 0 0 
400 196.34 918.739 0.216062 0 0 199.693 196.207 0 0.0326209 0.0179978 0 13.1344 -1.12074 0 0 
425 196.552 900.51 0.221008 0 0 199.678 196.216 0 0.0339721 0.0130662 0 13.6847 -1.25999 0 0 
450 197.421 895.387 0.224092 0 0 199.695 196.067 0 0 0 0 14.4765 -1.39469 0 0 
475 204.913 884.967 0.235504 0 0 199.701 196.05 0 0.00888889 0.00777778 0 15.4828 -1.52427 0 0 
500 291.557 891.297 0.359352 0 0 199.718 195.978 0 0.0277778 0.0161111 0 16.5378 -1.84055 0 0.0815029 
525 463.427 922.763 0.39108 0 0 199.745 195.996 0 0.00666667 0.00333333 0 17.5036 -1.89439 0 0.0782279 
550 573.261 936.346 0.471135 0 0 199.755 195.935 0 0.00722222 0.00611111 0 18.2614 -1.9278 0 0.0836452 
575 722.112 958.645 0.5188 0 0 199.757 195.869 0 0.0127778 0.00888889 0 19.0644 -2.00706 0 0.0966815 
600 849.375 979.527 0.607817 0 0 199.762 195.919 0 0.00944444 0.00555556 0 19.8808 -2.10371 0 0.112138 
625 961.916 992.574 0.693951 0 0 199.777 195.984 0 0.00888889 0.00444444 0 20.7619 -2.21678 0 0.123971 
650 1040.65 1003.54 0.777371 0 0 199.808 195.96 0 0.00666667 0.00388889 0 21.7 -2.25009 0 0.130636 
675 1103.23 1010.03 0.840067 0 0 199.821 195.978 0 0.00888889 0.00666667 0 22.9058 -2.29048 0 0.14202 
700 1168.02 1014.99 0.898899 0 0 199.836 195.938 0 0.00611111 0.00222222 0 24.0394 -2.45957 0 0.157151 
725 1220.29 1017.13 0.919456 0 0 199.856 195.93 0 0.00555556 0.00277778 0 25.2158 -2.68152 0 0.175505 
750 1292.34 1022.69 0.986333 0 0 199.858 195.894 0 0.01 0.00722222 0 26.2325 -2.73238 0 0.189118 
775 1349.12 1024.06 1.02559 0 0 199.881 195.886 0 0.0111111 0.00555556 0 27.3161 -2.81687 0 0.205253 
800 1396.07 1025.84 1.07095 0 0 199.87 195.935 0 0.0116667 0.00555556 0 28.37 -2.84306 0 0.225695 
825 1443.16 1026.73 1.12932 0 0 199.892 195.936 0 0.0127778 0.00666667 0 29.4789 -2.95922 0 0.250194 
850 1495.21 1026.84 1.18386 0 0 199.902 196.018 0 0.0116667 0.00666667 0 30.6578 -2.98822 0 0.274721 
875 1537.99 1026.83 1.2288 0 0 199.916 195.976 0 0.0116667 0.00666667 0 31.8242 -2.9479 0 0.299695 
900 1561.15 1025.91 1.25781 0 0 199.924 195.856 0 0.00777778 0.00388889 0 32.8253 -2.82797 0 0.324395 
925 1599.01 1024.69 1.29902 0 0 199.923 195.855 0 0.0155556 0.00888889 0 33.8175 -2.8027 0 0.354823 
950 1623.52 1021.48 1.31732 0 0 199.932 195.847 0 0.0211111 0.0144444 0 34.9453 -2.88971 0 0.387526 
975 1667.25 1020.83 1.38223 0 0 199.918 195.823 0 0.0133333 0.00666667 0 35.9317 -2.64319 0 0.420273 
1000 1709.65 1019.86 1.43416 0 0 199.911 195.79 0 0.0161111 0.00888889 0 36.8825 -2.77923 0 0.453701 
1025 1741.7 1018.07 1.48401 0 0 199.914 195.764 0 0.0144444 0.00944444 0 37.8333 -2.88871 0 0.48643 
1050 1775.16 1013.97 1.54356 0 0 199.917 195.805 0 0.0161111 0.0105556 0 38.9367 -2.94421 0 0.528162 
1075 1826.11 1011.68 1.61831 0 0 199.92 195.751 0 0.0161111 0.0105556 0 39.885 -2.86999 0 0.562026 
1100 1877.08 1008.49 1.68183 0 0 199.926 195.659 0 0.0194444 0.0122222 0 40.8969 -2.98498 0 0.596003 
1125 1893.82 1005.03 1.70966 0 0 199.924 195.538 0 0.0183384 0.0122256 0 41.913 -3.15205 0 0.634149 
1150 1920.57 1002.3 1.76094 0 0 199.901 195.354 0 0.0144444 0.00944444 0 42.7839 -3.0195 0 0.673217 
1175 1950.18 998.136 1.81664 0 0 199.91 195.331 0 0.0161111 0.00666667 0 43.8661 -2.91795 0 0.71434 
1200 1997.51 994.046 1.88548 0 0 199.908 195.269 0 0.015 0.0105556 0 45.0178 -3.0419 0 0.756769 
1225 2019.97 991.116 1.92642 0 0 199.925 195.276 0 0.0127778 0.00666667 0 45.9069 -2.90586 0 0.797167 
1250 2044.32 985.66 1.97888 0 0 199.926 195.164 0 0.0177778 0.0127778 0 46.8903 -2.78382 0 0.836904 
1275 2062.46 979.761 2.02398 0 0 199.914 195.088 0 0.0166667 0.0116667 0 47.81 -2.84012 0 0.875411 
1300 2089.86 978.704 2.06428 0 0 199.915 195.027 0 0.0172222 0.0127778 0 48.7325 -2.98089 0 0.916212 
1325 2122.06 974.508 2.12307 0 0 199.902 195.002 0 0.0205556 0.0116667 0 49.5489 -2.94588 0 0.955227 
1350 2140.77 969.529 2.16832 0 0 199.903 195.016 0 0.0216667 0.0166667 0 50.4761 -3.09912 0 0.993886 
1375 2143.52 964.541 2.18569 0 0 199.911 194.961 0 0.0166667 0.0116667 0 51.4983 -2.9424 0 1.03247 
1400 2154.75 959.108 2.22522 0 0 199.906 194.941 0 0.02 0.0127778 0 52.5083 -2.7678 0 1.0682 
1425 2161.07 954.557 2.245 0 0 199.905 194.957 0 0.0155556 0.00888889 0 53.2922 -2.74264 0 1.10282 
1450 2169.09 953.635 2.25921 0 0 199.91 194.851 0 0.0166667 0.00888889 0 54.2125 -2.82812 0 1.1355 
1475 2198.52 948.537 2.30541 0 0 199.911 194.816 0 0.0222222 0.0144444 0 55.0308 -2.54557 0 1.16727 
1500 2223.06 944.072 2.3618 0 0 199.908 194.738 0 0.0255556 0.0127778 0 55.9711 -2.62077 0 1.19923 
1525 2248.43 943.211 2.38675 0 0 199.909 194.651 0 0.0205556 0.0127778 0 56.7869 -2.62221 0 1.23242 
1550 2274.09 941.115 2.42489 0 0 199.906 194.711 0 0.0138889 0.00722222 0 57.6528 -2.51371 0 1.26119 
1575 2285.93 937.526 2.44844 0 0 199.906 194.714 0 0.0172222 0.0116667 0 58.4536 -2.4354 0 1.28767 
1600 2297.67 936.136 2.47518 0 0 199.918 194.759 0 0.0127778 0.00777778 0 59.2036 -2.60122 0 1.31613 
1625 2307.39 935.296 2.48828 0 0 199.924 194.662 0 0.0266667 0.0155556 0 60.0844 -2.59173 0 1.3386 
1650 2309.82 932.257 2.50315 0 0 199.9 194.689 0 0.0255556 0.015 0 60.9294 -2.76605 0 1.35667 
1675 2310.55 929.894 2.50628 0 0 199.904 194.643 0 0.0155556 0.0111111 0 61.4783 -2.98656 0 1.37706 
1700 2311.11 928.686 2.51573 0 0 199.911 194.664 0 0.025 0.0155556 0 62.4219 -2.99909 0 1.39425 
1725 2315.89 926.072 2.52644 0 0 199.92 194.624 0 0.015 0.0105556 0 63.2928 -2.94536 0 1.41029 
1750 2323.74 928.789 2.52593 0 0 199.919 194.507 0 0.0205556 0.0144444 0 64.2786 -2.99673 0 1.43197 
1775 2328.41 927.047 2.53445 0 0 199.934 194.513 0 0.0255556 0.0166667 0 65.0583 -2.87367 0 1.45055 
1800 2328.4 924.498 2.54435 0 0 199.942 194.385 0 0.0205556 0.0133333 0 65.8008 -2.90866 0 1.46272 
1825 2326.55 924.312 2.54562 0 0 199.954 194.389 0 0.0205556 0.0133333 0 66.5442 -2.99414 0 1.4764 
1850 2327.59 923.904 2.55096 0 0 199.952 194.418 0 0.0233333 0.0133333 0 67.2892 -2.86668 0 1.48823 
1875 2334.28 922.124 2.55943 0 0 199.964 194.364 0 0.025 0.015 0 68.1708 -2.65285 0 1.49905 
1900 2345.39 923.176 2.57015 0 0 199.973 194.356 0 0.0161111 0.0122222 0 68.9969 -2.48914 0 1.51413 
1925 2353.41 922.898 2.57657 0 0 199.961 194.313 0 0.0244444 0.015 0 69.9211 -2.55375 0 1.52492 
1950 2361.03 919.925 2.59956 0 0 199.97 194.485 0 0.0144444 0.0111111 0 70.6778 -2.39505 0 1.53432 
1975 2370.58 919.217 2.61049 0 0 199.995 194.503 0 0.0133333 0.00388889 0 71.3444 -2.39187 0 1.54026 
2000 2379.14 919.514 2.62138 0 0 199.994 194.477 0 0.0244444 0.0144444 0 72.0689 -2.11664 0 1.54939 
2025 2385.93 919.278 2.63076 0 0 199.994 194.359 0 0.0188889 0.0116667 0 72.9108 -2.40518 0 1.55391 
2050 2384.02 919.758 2.62224 0 0 200.001 194.317 0 0.0244444 0.0116667 0 73.8311 -2.41914 0 1.55606 
2075 2387.54 918.514 2.6302 0 0 199.993 194.321 0 0.0238889 0.015 0 74.6267 -2.46469 0 1.56315 
2100 2396.57 921.682 2.63369 0 0 199.999 194.271 0 0.0155556 0.01 0 75.2647 -2.5301 0 1.56992 
2125 2399.13 920.185 2.64002 0 0 199.984 194.142 0 0.0222222 0.015 0 75.9858 -2.60508 0 1.57834 
2150 2409.61 918.943 2.65246 0 0 199.981 194.183 0 0.0194444 0.00888889 0 76.7825 -2.43363 0 1.58782 
2175 2417.37 919.383 2.65941 0 0 199.974 194.04 0 0.025 0.015 0 77.7342 -2.63521 0 1.59491 
2200 2418.64 918.668 2.66202 0 0 199.973 194.079 0 0.0161111 0.00777778 0 78.3608 -2.5942 0 1.60449 
2225 2421.54 919.196 2.66951 0 0 199.984 194.094 0 0.0194444 0.0133333 0 79.1667 -2.57264 0 1.61239 
2250 2413.44 919.231 2.65951 0 0 199.969 194.026 0 0.0211111 0.0138889 0 79.8978 -2.65756 0 1.61594 
2275 2425.74 919.888 2.66943 0 0 199.978 194.03 0 0.0155556 0.00777778 0 80.7558 -2.85296 0 1.61762 
2300 2428.39 920.836 2.66833 0 0 199.979 193.943 0 0.0233333 0.0127778 0 81.5339 -2.82187 0 1.62431 
2325 2432.58 920.891 2.67529 0 0 199.993 194.011 0 0.0205556 0.015 0 82.3558 -2.86299 0 1.63079 
2350 2425.36 921.625 2.66703 0 0 200.007 193.983 0 0.0188889 0.0122222 0 83.1753 -2.76983 0 1.63971 
2375 2432.24 919.465 2.6747 0 0 200.006 194.021 0 0.0155556 0.01 0 83.9239 -2.94062 0 1.64155 
2400 2439.61 917.159 2.69974 0 0 200.004 194.056 0 0.0155556 0.00777778 0 84.9186 -2.95998 0 1.64196 
2425 2447.27 918.352 2.69439 0 0 200.016 194.093 0 0.0233333 0.0166667 0 85.7789 -2.56065 0 1.64618 
2450 2445.56 915.759 2.70545 0 0 200.017 194.111 0 0.0183333 0.015 0 86.3714 -2.32588 0 1.64941 
2475 2443.49 918.413 2.6931 0 0 200.031 194.002 0 0.0216667 0.0122222 0 87.2222 -2.4322 0 1.6561 
2500 2442.96 916.581 2.70472 0 0 200.052 194.11 0 0.0272222 0.0127778 0 88.0775 -2.42862 0 1.65409 
2525 2454.9 917.448 2.71305 0 0 200.056 194.086 0 0.0172222 0.0127778 0 89.0186 -2.91004 0 1.65874 
2550 2463.99 917.351 2.72365 0 0 200.03 194.114 0 0.0122222 0.01 0 89.7578 -3.02707 0 1.66577 
2575 2470.68 917.886 2.72935 0 0 200.026 194.091 0 0.0166667 0.0111111 0 90.5436 -2.9401 0 1.6697 
2600 2470.08 918.801 2.72344 0 0 200.007 193.959 0 0.0233333 0.0172222 0 91.3475 -2.68662 0 1.66692 
2625 2471.09 917.152 2.7275 0 0 200.017 193.771 0 0.0227778 0.0138889 0 92.2225 -2.58703 0 1.66404 
2650 2480.87 920.488 2.72827 0 0 200.017 193.827 0 0.0238889 0.0122222 0 93.0358 -2.42351 0 1.67044 
2675 2482.92 920.952 2.72551 0 0 200.004 193.848 0 0.0205556 0.0127778 0 93.9086 -2.04066 0 1.67752 
2700 2479.81 920.757 2.71707 0 0 200.036 193.849 0 0.0211111 0.0133333 0 94.6136 -1.75282 0 1.67875 
2725 2485.44 918.056 2.73315 0 0 200.045 193.814 0 0.0266667 0.0172222 0 95.385 -1.9803 0 1.68 
2750 2484.96 917.74 2.73906 0 0 200.056 193.789 0 0.025 0.0177778 0 96.1886 -1.93764 0 1.67934 
2775 2485.81 918.543 2.73708 0 0 200.049 193.84 0 0.02 0.0127778 0 96.9131 -1.6532 0 1.6851 
2800 2489.17 917.597 2.73951 0 0 200.074 193.807 0 0.02 0.0127778 0 97.6844 -1.56666 0 1.68791 
2825 2487.24 916.256 2.74796 0 0 200.075 193.77 0 0.0194444 0.0111111 0 98.3467 -1.19403 0 1.68695 
2850 2508.21 915.975 2.7704 0 0 200.084 193.814 0 0.0155556 0.0116667 0 99.0425 -1.00599 0 1.6825 
2875 2522.02 917.264 2.77725 0 0 200.081 193.761 0 0.02 0.0122222 0 99.7939 -0.958939 0 1.6846 
2900 2519.76 918.306 2.77566 0 0 200.095 193.815 0 0.015 0.00666667 0 100.54 -0.803793 0 1.69038 
2925 2526.53 917.467 2.78527 0 0 200.094 193.769 0 0.02 0.015 0 101.365 -0.838139 0 1.69628 
2950 2530.44 916.301 2.79666 0 0 200.101 193.758 0 0.0183333 0.0105556 0 102.104 -0.800648 0 1.69924 
2975 2547.1 917.99 2.80455 0 0 200.107 193.79 0 0.0294444 0.0177778 0 103.029 -0.786279 0 1.7012 
3000 2555.59 917.837 2.8179 0 0 200.098 193.767 0 0.0227778 0.015 0 103.758 -0.65139 0 1.71126 
3025 2569.67 918.94 2.83101 0 0 200.119 193.765 0 0.0244444 0.0172222 0 104.776 -0.592243 0 1.71839 
3050 2581.96 919.109 2.84751 0 0 200.101 193.72 0 0.0211111 0.0138889 0 105.745 -0.218853 0 1.72641 
3075 2591.11 919.253 2.86148 0 0 200.111 193.68 0 0.0172222 0.0122222 0 106.876 -0.167725 0 1.73144 
3100 2598.67 920.038 2.86645 0 0 200.116 193.799 0 0.0233333 0.0155556 0 107.681 -0.37431 0 1.73866 
3125 2610 918.083 2.88106 0 0 200.118 193.834 0 0.0205556 0.0138889 0 108.351 -0.357052 0 1.75092 
3150 2616.01 917.944 2.89166 0 0 200.121 193.877 0 0.0172222 0.0122222 0 109.167 -0.142691 0 1.75363 
3175 2645.04 915.478 2.92708 0 0 200.127 193.967 0 0.0188889 0.00833333 0 110.024 0.0265331 0 1.75349 
3200 2661.69 914.455 2.9462 0 0 200.132 193.992 0 0.0205556 0.0133333 0 110.993 0.159522 0 1.7589 
3225 2664.31 912.992 2.9542 0 0 200.139 194.023 0 0.0177778 0.0122222 0 111.77 0.19647 0 1.76118 
3250 2684.59 914.065 2.98823 0 0 200.132 194.007 0 0.0188889 0.0111111 0 112.599 0.29479 0 1.76924 
3275 2679.83 914.805 2.96288 0 0 200.123 193.928 0 0.0188889 0.00944444 0 113.554 0.175018 0 1.7752 
3300 2706.04 913.239 2.99195 0 0 200.118 193.976 0 0.0222222 0.0127778 0 114.325 -0.102408 0 1.77682 
3325 2712.42 915.11 2.99622 0 0 200.116 193.981 0 0.0272222 0.0177778 0 115.066 -0.0110644 0 1.78604 
3350 2734.75 916.807 3.01504 0 0 200.11 194.052 0 0.0222222 0.015 0 115.786 0.0817606 0 1.80123 
3375 2747.06 915.112 3.04067 0 0 200.088 193.958 0 0.0222222 0.0116667 0 116.555 0.151845 0 1.81051 
3400 2768.27 916.965 3.05864 0 0 200.076 193.927 0 0.0255556 0.0144444 0 117.337 -0.239457 0 1.81951 
3425 2788.94 917.5 3.07547 0 0 200.083 193.96 0 0.0211111 0.015 0 118.073 -0.18594 0 1.82672 
3450 2813.53 916.511 3.09643 0 0 200.066 194.016 0 0.025 0.0166667 0 118.83 -0.218083 0 1.83692 
3475 2843.29 916.511 3.13513 0 0 200.069 194.022 0 0.0172222 0.0111111 0 119.632 -0.0705567 0 1.85218 
3500 2860.81 914.955 3.16253 0 0 200.056 194.069 0 0.02 0.0138889 0 120.528 0.393711 0 1.86167 
3525 2884.91 915.877 3.19062 0 0 200.062 194.139 0 0.0233333 0.0155556 0 121.325 0.474134 0 1.86905 
3550 2889.12 913.886 3.20752 0 0 200.051 194.045 0 0.0177778 0.0127778 0 122.176 0.385573 0 1.87516 
3575 2907.95 913.211 3.22809 0 0 200.061 193.999 0 0.0194444 0.0111111 0 123.098 0.537343 0 1.88548 
3600 2921.75 913.924 3.23607 0 0 200.092 194.163 0 0.0155556 0.0105556 0 123.98 0.635155 0 1.89721 
3625 2931.23 911.806 3.2454 0 0 200.113 194.072 0 0.0188889 0.0122222 0 124.903 0.899665 0 1.90337 
3650 2950.6 910.012 3.27435 0 0 200.116 194.097 0 0.0127778 0.01 0 125.694 0.621737 0 1.91069 
3675 2974.16 911.324 3.29335 0 0 200.11 194.042 0 0.0172222 0.0105556 0 126.462 0.794635 0 1.92298 
3700 2986.7 910.579 3.30197 0 0 200.088 193.996 0 0.025 0.015 0 127.397 1.13533 0 1.93121 
3725 2997.98 912.423 3.31358 0 0 200.083 194.036 0 0.0222222 0.0122222 0 128.193 0.953519 0 1.94329 
3750 3022.72 915.59 3.33435 0 0 200.095 193.97 0 0.0227778 0.0166667 0 129.049 0.969227 0 1.95741 
3775 3024.87 912.686 3.34946 0 0 200.096 193.973 0 0.0261111 0.0144444 0 129.886 0.741106 0 1.96561 
3800 3039.83 914.035 3.38789 0 0 200.092 194.023 0 0.0211111 0.0116667 0 130.875 0.850311 0 1.98069 
3825 3063.86 914.751 3.39145 0 0 200.087 194.094 0 0.0194444 0.0111111 0 131.765 0.965365 0 1.99741 
3850 3102.7 912.164 3.44691 0 0 200.093 194.125 0 0.0216667 0.0133333 0 132.558 0.996167 0 2.00308 
3875 3120.47 914.928 3.44655 0 0 200.098 194.06 0 0.0211111 0.0138889 0 133.405 1.05027 0 2.01847 
3900 3140.97 913.288 3.48036 0 0 200.109 194.085 0 0.0222222 0.0133333 0 134.033 0.839592 0 2.03192 
3925 3162.92 910.91 3.51764 0 0 200.107 194.116 0 0.02 0.0122222 0 134.871 0.75949 0 2.04254 
3950 3204.17 911.724 3.56142 0 0 200.127 194.068 0 0.0216667 0.0138889 0 135.716 0.697532 0 2.05381 
3975 3230.03 913.997 3.57753 0 0 200.137 194.021 0 0.0211111 0.0138889 0 136.515 0.639077 0 2.06842 
4000 3252.59 914.589 3.60977 0 0 200.129 194.064 0 0.0188889 0.00833333 0 137.086 0.789602 0 2.08404 
4025 3267.24 912.38 3.63813 0 0 200.138 194.087 0 0.0272222 0.0161111 0 137.844 0.755813 0 2.09354 
4050 3312.88 909.622 3.68995 0 0 200.126 194.077 0 0.0161111 0.00944444 0 138.762 0.933642 0 2.10427 
4075 3343.49 910.703 3.71737 0 0 200.117 194.013 0 0.0166667 0.00944444 0 139.611 1.15401 0 2.11987 
4100 3369.72 911.92 3.74172 0 0 200.154 194.079 0 0.0216667 0.0105556 0 140.534 1.33744 0 2.13173 
4125 3400.74 911.152 3.76773 0 0 200.155 194.088 0 0.025 0.0166667 0 141.359 1.53954 0 2.14536 
4150 3422.35 912.562 3.78733 0 0 200.158 194.08 0 0.0183333 0.0111111 0 142.08 1.4151 0 2.16474 
4175 3472.87 914.146 3.83547 0 0 200.131 194.012 0 0.0227778 0.0161111 0 143.086 1.53796 0 2.18401 
4200 3504.72 913.053 3.87769 0 0 200.161 193.986 0 0.0166667 0.00888889 0 143.915 1.49442 0 2.20535 
4225 3509.63 911.451 3.89944 0 0 200.16 194.029 0 0.0183333 0.0127778 0 144.741 1.68924 0 2.226 
4250 3530.53 912.717 3.91578 0 0 200.161 193.93 0 0.0227778 0.0122222 0 145.45 2.00558 0 2.23871 
4275 3560.64 910.459 3.96157 0 0 200.172 193.977 0 0.0222222 0.0127778 0 146.316 1.72296 0 2.25628 
4300 3572.24 909.449 3.99948 0 0 200.158 193.971 0 0.02 0.0127778 0 147.224 2.28992 0 2.27075 
4325 3590.28 910.587 4.00882 0 0 200.153 193.921 0 0.0161111 0.00833333 0 148.058 2.06544 0 2.28167 
4350 3599.04 910.787 4.01579 0 0 200.154 193.991 0 0.0177778 0.0105556 0 148.916 1.89623 0 2.3 
4375 3627.97 909.896 4.04749 0 0 200.162 193.868 0 0.0244444 0.0155556 0 149.662 1.94824 0 2.31355 
4400 3656.22 910.354 4.0893 0 0 200.158 193.839 0 0.0222222 0.0138889 0 150.523 2.21224 0 2.32964 
4425 3692.52 911.493 4.11136 0 0 200.153 193.838 0 0.0222222 0.0133333 0 151.445 1.56896 0 2.34931 
4450 3726.52 911.056 4.15617 0 0 200.158 193.847 0 0.0211111 0.0155556 0 152.304 1.37449 0 2.36866 
4475 3746.94 911.064 4.16525 0 0 200.155 193.806 0 0.0177778 0.0105556 0 153.163 1.42737 0 2.38232 
4500 3770.52 912.43 4.17499 0 0 200.157 193.762 0 0.02 0.00777778 0 153.968 1.47736 0 2.39841 
4525 3817.47 911.796 4.24022 0 0 200.145 193.744 0 0.0211111 0.01 0 154.936 1.49007 0 2.41998 
4550 3839.57 909.434 4.2731 0 0 200.137 193.738 0 0.0177778 0.0105556 0 156.022 1.3496 0 2.44183 
4575 3872.2 909.754 4.31875 0 0 200.137 193.705 0 0.0127778 0.00833333 0 156.998 1.50106 0 2.4603 
4600 3910.2 911.906 4.33972 0 0 200.12 193.571 0 0.0133333 0.00722222 0 157.883 1.35747 0 2.48307 
4625 3948.44 910.87 4.39052 0 0 200.118 193.546 0 0.025 0.0144444 0 158.75 1.20247 0 2.50551 
4650 3955.51 911.372 4.39609 0 0 200.128 193.541 0 0.0255556 0.0172222 0 159.582 1.17548 0 2.52515 
4675 3993.1 912.091 4.43476 0 0 200.122 193.43 0 0.0222222 0.0133333 0 160.489 1.30166 0 2.54 
4700 4035.38 911.025 4.48846 0 0 200.119 193.534 0 0.0188889 0.0138889 0 161.38 1.56151 0 2.55889 
4725 4084.11 910.478 4.54831 0 0 200.122 193.556 0 0.0177778 0.0111111 0 162.111 1.64517 0 2.57847 
4750 4132.02 910.37 4.58796 0 0 200.117 193.481 0 0.0216667 0.0116667 0 163.007 1.76102 0 2.6033 
4775 4137.22 909.183 4.61777 0 0 200.135 193.479 0 0.0172222 0.00888889 0 163.87 1.98418 0 2.62542 
4800 4179.01 909.571 4.6679 0 0 200.15 193.535 0 0.0216667 0.0127778 0 164.776 2.47688 0 2.64972 
4825 4224.95 911.526 4.69598 0 0 200.154 193.537 0 0.0255556 0.0161111 0 165.895 2.35645 0 2.67066 
4850 4232.32 912.544 4.6948 0 0 200.155 193.421 0 0.0205556 0.0155556 0 166.778 2.75799 0 2.6997 
4875 4286.17 910.321 4.76667 0 0 200.144 193.414 0 0.0177778 0.0122222 0 167.627 3.00153 0 2.72474 
4900 4311.43 911.871 4.77629 0 0 200.148 193.473 0 0.0211111 0.0127778 0 168.619 3.10572 0 2.7515 
4925 4320.05 911.857 4.79294 0 0 200.139 193.445 0 0.0216667 0.0155556 0 169.422 2.98315 0 2.77479 
4950 4364.31 911.741 4.84791 0 0 200.127 193.475 0 0.0205556 0.00888889 0 170.167 3.48218 0 2.7965 
4975 4389.04 910.628 4.87694 0 0 200.112 193.449 0 0.0183333 0.01 0 170.92 3.27605 0 2.82241 
5000 4421.42 909.932 4.93257 0 0 200.116 193.443 0 0.0183333 0.0127778 0 171.902 3.63596 0 2.84956 
5025 4482.5 909.178 4.99265 0 0 200.139 193.442 0 0.025 0.0133333 0 172.719 3.66817 0 2.86869 
5050 4524.19 908.213 5.02848 0 0 200.141 193.228 0 0.0144444 0.00888889 0 173.607 3.69526 0 2.89246 
5075 4556.6 910.249 5.07675 0 0 200.149 193.357 0 0.0161111 0.0116667 0 174.503 3.79911 0 2.91703 
5100 4578.54 910.525 5.09839 0 0 200.14 193.396 0 0.0238889 0.0133333 0 175.359 4.06944 0 2.94312 
5125 4600.27 908.785 5.14121 0 0 200.139 193.365 0 0.0288889 0.02 0 176.221 3.72066 0 2.96352 
5150 4627.24 910.533 5.14662 0 0 200.15 193.502 0 0.0238889 0.0144444 0 177.098 3.67768 0 2.99193 
5175 4648.58 909.647 5.17499 0 0 200.16 193.267 0 0.0227778 0.0172222 0 177.922 4.21276 0 3.01899 
5200 4681.8 908.963 5.21937 0 0 200.16 193.289 0 0.0283333 0.0188889 0 178.703 4.67058 0 3.03523 
5225 4711.34 910.134 5.25782 0 0 200.149 193.197 0 0.0244444 0.0177778 0 179.51 5.04312 0 3.06263 
5250 4752.08 909.755 5.28299 0 0 200.124 193.104 0 0.0238889 0.0144444 0 180.171 5.28177 0 3.08855 
5275 4793.22 907.858 5.35996 0 0 200.117 193.149 0 0.0194444 0.0122222 0 181.002 5.58506 0 3.11157 
5300 4821.66 909.043 5.36285 0 0 200.102 193.068 0 0.0166713 0.00722423 0 181.991 6.00159 0 3.14233 
5325 4850.33 908.384 5.4205 0 0 200.109 193.148 0 0.0233333 0.0127778 0 182.651 6.35369 0 3.16901 
5350 4849.48 907.152 5.39306 0 0 200.11 193.064 0 0.0272222 0.0177778 0 183.421 6.58576 0 3.18615 
5375 4878.83 905.763 5.45145 0 0 200.124 193.132 0 0.0188889 0.0133333 0 184.146 6.47585 0 3.1984 
5400 4880.87 906.373 5.43855 0 0 200.135 193.211 0 0.0216667 0.0161111 0 184.891 6.57893 0 3.21624 
5425 4919.93 905.425 5.49074 0 0 200.162 193.332 0 0.0205556 0.0116667 0 185.695 6.39817 0 3.22934 
5450 4980.58 906.539 5.54469 0 0 200.181 193.316 0 0.0244444 0.0133333 0 186.325 6.43079 0 3.24738 
5475 5003.61 907.222 5.59178 0 0 200.187 193.317 0 0.0238889 0.0144444 0 187.105 5.84582 0 3.26456 
5500 5051.17 907.231 5.66283 0 0 200.196 193.267 0 0.0261111 0.0133333 0 188.175 6.11064 0 3.27887 
5525 5071.85 910.57 5.65758 0 0 200.177 193.424 0 0.02 0.00888889 0 189.077 5.82312 0 3.31341 
5550 5075.83 909.955 5.65491 0 0 200.159 193.401 0 0.0211111 0.0138889 0 189.695 5.7582 0 3.33245 
5575 5116.41 908.381 5.70347 0 0 200.156 193.464 0 0.0183333 0.0127778 0 190.627 6.03423 0 3.35083 
5600 5146.64 908.975 5.74887 0 0 200.169 193.491 0 0.0194444 0.0122222 0 191.496 6.58095 0 3.3672 
5625 5204.45 908.518 5.81472 0 0 200.166 193.489 0 0.0266667 0.0177778 0 192.301 6.37391 0 3.38577 
5650 5225.19 908.234 5.82591 0 0 200.159 193.524 0 0.02 0.0122222 0 193.278 6.56877 0 3.4044 
5675 5268.55 910.029 5.85988 0 0 200.166 193.473 0 0.0222222 0.00944444 0 194.075 6.69532 0 3.42518 
5700 5271.24 907.739 5.88381 0 0 200.148 193.413 0 0.0188889 0.0122222 0 195.05 6.77425 0 3.45164 
5725 5332.85 904.133 5.96232 0 0 200.117 193.357 0 0.0161111 0.0111111 0 196.041 7.1769 0 3.46509 
5750 5346.83 905.275 5.96877 0 0 200.121 193.335 0 0.0244444 0.015 0 196.793 7.04111 0 3.47512 
5775 5357.4 906.633 5.96403 0 0 200.125 193.261 0 0.0172222 0.00555556 0 197.614 7.17903 0 3.50172 
5800 5400.36 904.926 6.03078 0 0 200.113 193.221 0 0.0216667 0.0138889 0 198.627 7.58912 0 3.51117 
5825 5422.5 903.936 6.07048 0 0 200.107 193.269 0 0.0222222 0.015 0 199.378 7.59843 0 3.52167 
5850 5442.07 905.502 6.07689 0 0 200.139 193.349 0 0.0233333 0.0155556 0 200.176 6.92759 0 3.53935 
5875 5465.06 908.426 6.07135 0 0 200.133 193.254 0 0.0166667 0.01 0 201.052 6.52389 0 3.57592 
5900 5504.24 907.776 6.12049 0 0 200.111 193.234 0 0.0172222 0.00833333 0 202.003 6.5527 0 3.59765 
5925 5496.85 907.18 6.10536 0 0 200.116 193.151 0 0.0227778 0.0172222 0 202.942 6.79234 0 3.62359 
5950 5526.47 905.278 6.1725 0 0 200.126 193.101 0 0.0266667 0.0161111 0 203.838 7.10508 0 3.64388 
5975 5585.85 906.651 6.22953 0 0 200.128 193.116 0 0.0177778 0.0105556 0 204.759 7.36156 0 3.66504 
6000 5630.83 905.837 6.28616 0 0 200.144 193.167 0 0.0272222 0.0127778 0 205.756 7.70929 0 3.69097 
6025 5664.54 905.263 6.31956 0 0 200.14 193.251 0 0.0233333 0.0122222 0 206.555 7.36043 0 3.70386 
6050 5663.37 906.184 6.33156 0 0 200.131 193.183 0 0.0194444 0.0105556 0 207.346 7.63396 0 3.72102 
6075 5700.72 903.847 6.39029 0 0 200.133 193.151 0 0.0177778 0.0111111 0 208.333 7.49531 0 3.73783 
6100 5729.26 906.202 6.41237 0 0 200.134 193.287 0 0.0233333 0.0166667 0 209.01 6.95212 0 3.75785 
6125 5729.31 905.558 6.39978 0 0 200.114 193.214 0 0.0244444 0.0161111 0 209.861 7.10024 0 3.78169 
6150 5756.8 905.439 6.4429 0 0 200.118 193.139 0 0.0266667 0.0172222 0 210.772 7.54248 0 3.79527 
6175 5787.15 903.36 6.48442 0 0 200.103 193.237 0 0.0261111 0.0155556 0 211.514 7.36398 0 3.79921 
6200 5793.56 902.379 6.4914 0 0 200.077 193.219 0 0.0183333 0.0111111 0 212.409 7.30022 0 3.81549 
6225 5812 904.821 6.48421 0 0 200.086 193.256 0 0.0172222 0.0133333 0 213.378 7.35773 0 3.83491 
6250 5837.17 902.388 6.5316 0 0 200.081 193.266 0 0.0183333 0.00944444 0 214.094 6.95365 0 3.85045 
6275 5859.94 902.286 6.57546 0 0 200.101 193.377 0 0.0222222 0.015 0 214.938 7.37424 0 3.85108 
6300 5853.6 904.666 6.55258 0 0 200.07 193.401 0 0.0238889 0.0138889 0 215.737 7.06294 0 3.86881 
6325 5883.34 903.284 6.55795 0 0 200.09 193.354 0 0.0255556 0.0155556 0 216.602 7.28336 0 3.8849 
6350 5898.55 904.627 6.5914 0 0 200.085 193.308 0 0.0188889 0.0122222 0 217.676 7.12038 0 3.89917 
6375 5895.16 902.857 6.61723 0 0 200.064 193.266 0 0.025 0.0138889 0 218.437 6.79963 0 3.90141 
6400 5925.24 905.84 6.6291 0 0 200.084 193.365 0 0.0238889 0.0122222 0 219.354 6.56427 0 3.91413 
6425 5937.96 905.508 6.64758 0 0 200.099 193.418 0 0.0183333 0.0111111 0 220.247 5.98068 0 3.93431 
6450 5963.16 904.942 6.6812 0 0 200.106 193.461 0 0.0172222 0.0133333 0 220.948 5.9648 0 3.959 
6475 6016.71 907.327 6.71913 0 0 200.098 193.43 0 0.0261111 0.0188889 0 221.791 5.73466 0 3.97945 
6500 6043.82 906.633 6.75961 0 0 200.111 193.399 0 0.025 0.0133333 0 222.522 5.60936 0 3.98597 
6525 6051.57 905.729 6.76456 0 0 200.124 193.403 0 0.0183333 0.0111111 0 223.412 5.82607 0 3.99676 
6550 6074.85 903.743 6.80386 0 0 200.133 193.347 0 0.0194444 0.0127778 0 224.256 5.98166 0 4.01318 
6575 6089.35 903.258 6.82201 0 0 200.16 193.415 0 0.0144444 0.0116667 0 225.194 6.04567 0 4.03165 
6600 6117.96 902.3 6.85105 0 0 200.171 193.516 0 0.0216667 0.0105556 0 225.955 5.98846 0 4.0402 
6625 6122 905.14 6.82282 0 0 200.179 193.394 0 0.0194444 0.015 0 226.892 6.3013 0 4.05627 
6650 6149.47 905.965 6.87214 0 0 200.19 193.408 0 0.025 0.0155556 0 227.757 6.0861 0 4.07122 
6675 6206.61 904.984 6.95151 0 0 200.194 193.446 0 0.02 0.01 0 228.573 6.33365 0 4.09831 
6700 6235.49 905.627 6.9437 0 0 200.191 193.352 0 0.0216667 0.0138889 0 229.666 6.7592 0 4.12084 
6725 6272.28 904.898 6.99834 0 0 200.196 193.387 0 0.0244444 0.0133333 0 230.403 6.76838 0 4.1338 
6750 6304.05 903.524 7.05856 0 0 200.194 193.291 0 0.0266667 0.0144444 0 231.325 6.96959 0 4.1513 
6775 6330.59 905.816 7.07827 0 0 200.174 193.311 0 0.015 0.00888889 0 232.173 7.70076 0 4.18327 
6800 6340.01 906.031 7.06557 0 0 200.16 193.29 0 0.0183333 0.00944444 0 232.738 7.10074 0 4.19932 
6825 6390.68 906.276 7.13044 0 0 200.137 193.238 0 0.025 0.0127778 0 233.673 7.44696 0 4.22765 
6850 6392.79 903.335 7.16547 0 0 200.146 193.376 0 0.0238889 0.015 0 234.645 7.92947 0 4.25243 
6875 6404.18 903.361 7.17821 0 0 200.157 193.333 0 0.015 0.00944444 0 235.493 7.99859 0 4.2694 
6900 6452.76 907.056 7.1915 0 0 200.167 193.249 0 0.0194444 0.01 0 236.295 7.54097 0 4.29146 
6925 6465.92 904.418 7.24379 0 0 200.177 193.192 0 0.0255556 0.0155556 0 237.24 7.40376 0 4.30767 
6950 6479.36 903.132 7.26981 0 0 200.166 193.201 0 0.0227778 0.0133333 0 237.854 7.15424 0 4.3164 
6975 6485.59 903.43 7.26508 0 0 200.169 193.243 0 0.0127778 0.00888889 0 238.954 7.15337 0 4.32481 
7000 6488.52 904.419 7.27161 0 0 200.186 193.316 0 0.0205556 0.0144444 0 239.786 6.993 0 4.34546 
7025 6502.44 905.356 7.26629 0 0 200.224 193.343 0 0.0255556 0.0172222 0 240.49 6.30407 0 4.36447 
7050 6500.8 906.047 7.24236 0 0 200.245 193.396 0 0.0261111 0.0172222 0 241.193 6.13585 0 4.38107 
7075 6515.7 902.452 7.29362 0 0 200.239 193.427 0 0.0238889 0.0144444 0 241.829 5.94701 0 4.38755 
7100 6535.29 901.934 7.32595 0 0 200.242 193.397 0 0.0222222 0.0144444 0 242.726 6.39172 0 4.40455 
7125 6597.66 901.581 7.40801 0 0 200.243 193.49 0 0.0211111 0.0127778 0 243.534 6.22429 0 4.41094 
7150 6636.3 902.246 7.46918 0 0 200.255 193.477 0 0.0255556 0.0138889 0 244.23 6.40584 0 4.41917 
7175 6641.17 904.111 7.43213 0 0 200.268 193.445 0 0.0216667 0.0144444 0 245.159 6.18499 0 4.43984 
7200 6685.72 902.748 7.51102 0 0 200.257 193.453 0 0.0238889 0.0155556 0 245.891 5.81647 0 4.43888 
7225 6726.56 903.953 7.52015 0 0 200.281 193.486 0 0.025 0.015 0 246.834 5.90646 0 4.45878 
7250 6762.92 904.604 7.57496 0 0 200.296 193.495 0 0.0272222 0.0183333 0 247.672 5.87647 0 4.47647 
7275 6776.42 904.098 7.58436 0 0 200.307 193.562 0 0.0183333 0.0105556 0 248.641 5.89201 0 4.49355 
7300 6778.73 904.329 7.61149 0 0 200.306 193.507 0 0.0188889 0.0127778 0 249.605 6.15407 0 4.51202 
7325 6781.43 904.123 7.60516 0 0 200.303 193.451 0 0.0211111 0.00888889 0 250.371 5.58845 0 4.53178 
7350 6802.94 903.221 7.624 0 0 200.314 193.466 0 0.025 0.0188889 0 251.331 5.60306 0 4.53805 
7375 6837.93 904.864 7.63551 0 0 200.295 193.409 0 0.0188889 0.0133333 0 252.236 5.99159 0 4.56385 
7400 6841.26 902.828 7.67584 0 0 200.292 193.447 0 0.0177778 0.01 0 253.169 5.51822 0 4.57452 
7425 6843.99 903.174 7.6406 0 0 200.292 193.451 0 0.0188889 0.0127778 0 253.844 5.43072 0 4.58404 
7450 6879.27 902.476 7.72056 0 0 200.294 193.422 0 0.0211111 0.0144444 0 254.562 5.18696 0 4.59926 
7475 6867.32 904.319 7.66591 0 0 200.275 193.332 0 0.0188889 0.00777778 0 255.449 5.1241 0 4.61718 
7500 6877.46 906.505 7.66124 0 0 200.265 193.283 0 0.0138889 0.00777778 0 256.286 4.96399 0 4.6411 
7525 6899.31 906.994 7.68575 0 0 200.263 193.267 0 0.0188889 0.0111111 0 257.371 4.92096 0 4.65914 
7550 6915.28 903.278 7.7378 0 0 200.26 193.358 0 0.02 0.0116667 0 258.105 4.59713 0 4.66774 
7575 6969.76 904.272 7.7944 0 0 200.251 193.379 0 0.0216667 0.0133333 0 258.892 4.64702 0 4.68926 
7600 7001.43 901.363 7.83461 0 0 200.291 193.267 0 0.0272222 0.0161111 0 259.914 4.66851 0 4.70364 
7625 7022.83 901.583 7.8668 0 0 200.29 193.288 0 0.0266667 0.0138889 0 260.852 4.67646 0 4.71983 
7650 7049.82 903.356 7.87595 0 0 200.301 193.44 0 0.0222222 0.0127778 0 261.993 4.59803 0 4.74906 
7675 7048.06 903.045 7.88691 0 0 200.291 193.425 0 0.0227778 0.015 0 262.772 4.24896 0 4.75897 
7700 7076.84 903.793 7.93089 0 0 200.289 193.444 0 0.0211111 0.0105556 0 263.729 4.88138 0 4.78091 
7725 7116.61 904.826 7.94101 0 0 200.295 193.492 0 0.0183333 0.00944444 0 264.441 4.62471 0 4.79464 
7750 7129.8 904.011 7.95191 0 0 200.304 193.474 0 0.0227778 0.0122222 0 265.106 4.38006 0 4.8144 
7775 7161.33 902.783 8.0143 0 0 200.304 193.477 0 0.0216667 0.0127778 0 266.051 4.54983 0 4.81382 
7800 7153.69 905.21 7.99241 0 0 200.322 193.535 0 0.0211111 0.0122222 0 266.883 4.39982 0 4.82942 
7825 7178.92 904.285 8.00879 0 0 200.304 193.496 0 0.0238889 0.0155556 0 267.882 5.06325 0 4.83451 
7850 7195.58 903.837 8.02378 0 0 200.295 193.463 0 0.0194444 0.0122222 0 268.61 4.83067 0 4.8491 
7875 7206.5 905.03 8.04077 0 0 200.303 193.526 0 0.0188889 0.0138889 0 269.236 4.35332 0 4.86136 
7900 7187.1 905.155 8.00105 0 0 200.3 193.498 0 0.0205556 0.0122222 0 270.123 4.21123 0 4.87218 
7925 7174.8 904.65 8.0025 0 0 200.326 193.462 0 0.02 0.0127778 0 270.946 3.64329 0 4.89466 
7950 7210.38 904.29 8.03493 0 0 200.326 193.451 0 0.0233333 0.0172222 0 271.907 3.68899 0 4.90485 
7975 7258.42 905.719 8.09088 0 0 200.325 193.477 0 0.0194444 0.0111111 0 272.754 3.62508 0 4.92104 
8000 7236.54 904.455 8.0744 0 0 200.314 193.405 0 0.0194444 0.0127778 0 273.768 4.27784 0 4.92761 
8025 7269.6 905.422 8.10778 0 0 200.322 193.299 0 0.0183333 0.00944444 0 274.532 4.10511 0 4.93936 
8050 7313.82 903.542 8.17383 0 0 200.326 193.475 0 0.0222222 0.0116667 0 275.464 4.2242 0 4.96225 
8075 7389.55 905.311 8.23791 0 0 200.313 193.514 0 0.015 0.0111111 0 276.456 4.49478 0 4.98303 
8100 7388.66 906.006 8.26194 0 0 200.31 193.448 0 0.0183333 0.0122222 0 277.305 4.09641 0 5.0031 
8125 7409.41 903.82 8.30151 0 0 200.305 193.426 0 0.0155556 0.00722222 0 278.082 4.1673 0 5.02461 
8150 7420.74 903.314 8.32245 0 0 200.31 193.511 0 0.0194444 0.01 0 279.09 4.54512 0 5.0288 
8175 7432.26 905.029 8.31389 0 0 200.309 193.466 0 0.0233333 0.0161111 0 279.927 4.3147 0 5.03992 
8200 7448.42 906.176 8.29744 0 0 200.307 193.45 0 0.0194444 0.0122222 0 281.066 4.43407 0 5.06286 
8225 7460.82 903.762 8.32527 0 0 200.31 193.441 0 0.0238889 0.0155556 0 281.719 4.15747 0 5.07075 
8250 7442.42 904.575 8.28569 0 0 200.33 193.477 0 0.0227778 0.0138889 0 282.548 4.05607 0 5.08993 
8275 7498.03 904.138 8.37228 0 0 200.319 193.445 0 0.0183333 0.00833333 0 283.414 3.86912 0 5.104 
8300 7548.43 901.847 8.45232 0 0 200.316 193.412 0 0.0233333 0.0172222 0 284.154 4.18846 0 5.11424 
8325 7562.69 903.294 8.45606 0 0 200.306 193.424 0 0.0255556 0.0161111 0 285.106 4.0304 0 5.13098 
8350 7569.11 902.521 8.48578 0 0 200.312 193.466 0 0.0188889 0.01 0 285.964 4.23289 0 5.14298 
8375 7606.99 903.055 8.52603 0 0 200.305 193.454 0 0.02 0.0116667 0 286.883 3.83361 0 5.14747 
8400 7601.71 902.823 8.53643 0 0 200.304 193.536 0 0.0333333 0.0205556 0 287.779 3.85557 0 5.15765 
8425 7617.56 905.154 8.51432 0 0 200.315 193.526 0 0.0211111 0.0127778 0 288.602 4.00557 0 5.162 
8450 7661.76 905.205 8.57914 0 0 200.327 193.522 0 0.0188889 0.0116667 0 289.352 3.93415 0 5.18636 
8475 7618.78 903.006 8.52573 0 0 200.33 193.426 0 0.0205556 0.0116667 0 290.28 4.10503 0 5.20381 
8500 7640.4 903.758 8.55375 0 0 200.324 193.432 0 0.0261111 0.0155556 0 291.25 3.70768 0 5.20732 
8525 7626.61 902.619 8.56633 0 0 200.321 193.423 0 0.0166667 0.0111111 0 291.958 3.97467 0 5.21044 
8550 7653.29 901.327 8.60093 0 0 200.331 193.524 0 0.0238889 0.0144444 0 292.687 3.79406 0 5.22217 
8575 7664.94 901.117 8.60679 0 0 200.322 193.517 0 0.0238889 0.0166667 0 293.539 4.05018 0 5.22518 
8600 7660.44 902.825 8.57935 0 0 200.323 193.45 0 0.0155556 0.00888889 0 294.432 4.27006 0 5.23796 
8625 7688.38 902.924 8.59955 0 0 200.318 193.393 0 0.0238889 0.015 0 295.144 4.85895 0 5.24213 
8650 7670.25 903.212 8.57603 0 0 200.329 193.434 0 0.0222222 0.0133333 0 295.875 5.06404 0 5.2598 
8675 7715.22 901.295 8.65744 0 0 200.317 193.488 0 0.0238889 0.0155556 0 296.639 4.66247 0 5.26205 
8700 7734.83 902.133 8.67629 0 0 200.323 193.457 0 0.0211111 0.0127778 0 297.511 4.85414 0 5.26102 
8725 7716.4 902.334 8.65136 0 0 200.349 193.491 0 0.025 0.0138889 0 298.301 5.01381 0 5.27215 
8750 7755.82 900.846 8.72095 0 0 200.353 193.508 0 0.0177778 0.0105556 0 299.185 5.21265 0 5.26615 
8775 7768.34 902.248 8.69901 0 0 200.359 193.494 0 0.03 0.0194444 0 299.873 5.08977 0 5.27054 
8800 7761.91 903.158 8.69346 0 0 200.356 193.488 0 0.0222222 0.015 0 300.745 5.51618 0 5.28779 
8825 7771.79 901.73 8.73619 0 0 200.362 193.47 0 0.0144444 0.00777778 0 301.534 5.51174 0 5.29194 
8850 7781.03 903.098 8.72165 0 0 200.363 193.447 0 0.0188889 0.0133333 0 302.367 5.57831 0 5.30533 
8875 7783.48 902.061 8.75093 0 0 200.332 193.438 0 0.02 0.0116667 0 303.25 5.51107 0 5.30845 
8900 7797.37 901.357 8.74596 0 0 200.349 193.479 0 0.0144444 0.0105556 0 304.226 5.18801 0 5.32022 
8925 7802.98 899.804 8.77958 0 0 200.332 193.412 0 0.0183333 0.0116667 0 305.162 4.89863 0 5.3239 
8950 7844.16 899.999 8.81117 0 0 200.348 193.504 0 0.0211111 0.015 0 306.025 4.54686 0 5.31867 
8975 7833.61 903.407 8.76286 0 0 200.348 193.438 0 0.0211111 0.0133333 0 306.719 4.05397 0 5.32004 
9000 7859.01 903.088 8.81858 0 0 200.364 193.377 0 0.025 0.0155556 0 307.548 3.7719 0 5.33328 
9025 7853.23 901.801 8.83349 0 0 200.363 193.383 0 0.0177778 0.0116667 0 308.348 3.66213 0 5.3404 
9050 7887.65 901.884 8.86821 0 0 200.354 193.329 0 0.0233333 0.0144444 0 309.108 3.53319 0 5.35142 
9075 7900.25 902.919 8.83701 0 0 200.362 193.251 0 0.0177778 0.0105556 0 310 3.42544 0 5.37043 
9100 7913.31 902.803 8.86273 0 0 200.337 193.322 0 0.0216667 0.0144444 0 310.814 3.6825 0 5.37157 
9125 7912.46 905.316 8.83061 0 0 200.326 193.286 0 0.0205556 0.0105556 0 311.395 3.45957 0 5.38258 
9150 7944.18 904.965 8.89288 0 0 200.339 193.223 0 0.0188889 0.0105556 0 312.399 3.38448 0 5.39641 
9175 7921.01 905.356 8.8532 0 0 200.316 193.329 0 0.0205556 0.0127778 0 313.168 3.557 0 5.42111 
9200 7937.31 905.335 8.87488 0 0 200.326 193.334 0 0.0261111 0.0177778 0 314.042 3.38256 0 5.43478 
9225 7912.8 904.409 8.862 0 0 200.315 193.296 0 0.0238889 0.0116667 0 314.914 3.20482 0 5.45197 
9250 7930.98 902.934 8.86926 0 0 200.334 193.275 0 0.0205556 0.0116667 0 315.583 3.14447 0 5.46909 
9275 7938.99 904.409 8.85638 0 0 200.321 193.289 0 0.02 0.0133333 0 316.201 3.00752 0 5.4954 
9300 7943.55 901.922 8.90906 0 0 200.335 193.331 0 0.0166667 0.0116667 0 317.01 2.86825 0 5.49768 
9325 7929.91 903.173 8.88383 0 0 200.356 193.378 0 0.0244444 0.0138889 0 317.77 3.0066 0 5.50618 
9350 7910.26 905.639 8.85026 0 0 200.337 193.317 0 0.02 0.0138889 0 318.348 2.97002 0 5.51058 
9375 7957.61 904.717 8.89737 0 0 200.316 193.396 0 0.0255556 0.0161111 0 319.21 2.3991 0 5.52051 
9400 7953.06 903.161 8.91328 0 0 200.325 193.451 0 0.0211111 0.0133333 0 320.176 2.25804 0 5.5294 
9425 7993.31 903.848 8.95301 0 0 200.318 193.583 0 0.0177778 0.0105556 0 321.082 2.09957 0 5.54362 
9450 8007.51 902.312 8.97802 0 0 200.301 193.471 0 0.025 0.0155556 0 321.898 2.31341 0 5.55069 
9475 8001.48 902.939 8.97055 0 0 200.317 193.432 0 0.0216667 0.015 0 322.834 2.35122 0 5.54847 
9500 8047.1 903.904 8.97502 0 0 200.291 193.268 0 0.0188889 0.0122222 0 323.746 2.80102 0 5.56852 
9525 8050.15 905.121 8.97599 0 0 200.305 193.301 0 0.0205556 0.0138889 0 324.723 2.66487 0 5.58933 
9550 8088.1 904.106 9.03992 0 0 200.321 193.304 0 0.0222222 0.0111111 0 325.494 1.77207 0 5.59516 
9575 8155.39 904.641 9.11006 0 0 200.309 193.275 0 0.02 0.00833333 0 326.579 2.58305 0 5.61065 
9600 8204.89 900.014 9.19311 0 0 200.308 193.261 0 0.0144444 0.00888889 0 327.464 2.30811 0 5.61844 
9625 8246.49 901.72 9.23431 0 0 200.315 193.341 0 0.02 0.0111111 0 328.257 2.51274 0 5.62643 
9650 8257.07 901.727 9.25102 0 0 200.321 193.259 0 0.0227778 0.0144444 0 329.022 2.15223 0 5.632 
9675 8281.68 900.448 9.269 0 0 200.324 193.439 0 0.02 0.0127778 0 329.686 2.63669 0 5.63454 
9700 8306.76 900.724 9.29522 0 0 200.331 193.431 0 0.02 0.0122222 0 330.433 2.38108 0 5.63916 
9725 8311.74 901.745 9.30716 0 0 200.341 193.37 0 0.025 0.0144444 0 331.196 1.99187 0 5.63888 
9750 8344.05 901.583 9.37703 0 0 200.331 193.378 0 0.025 0.0166667 0 331.974 2.40555 0 5.64277 
9775 8377.94 900.987 9.39099 0 0 200.336 193.457 0 0.0227778 0.0161111 0 332.669 2.4254 0 5.6529 
9800 8437.4 901.883 9.47677 0 0 200.335 193.46 0 0.0255556 0.0183333 0 333.692 2.14803 0 5.66677 
9825 8444.99 900.346 9.46926 0 0 200.336 193.284 0 0.0166667 0.0111111 0 334.569 2.2249 0 5.67098 
9850 8498.95 901.329 9.52579 0 0 200.337 193.269 0 0.015 0.0111111 0 335.577 1.77603 0 5.69322 
9875 8551.16 902.604 9.56989 0 0 200.338 193.265 0 0.0261111 0.0133333 0 336.553 2.1653 0 5.71624 
9900 8578.93 899.354 9.67126 0 0 200.352 193.346 0 0.0194444 0.0133333 0 337.381 2.13146 0 5.72651 
9925 8596.62 899.318 9.68019 0 0 200.334 193.347 0 0.0166667 0.00888889 0 338.097 2.14739 0 5.74072 
9950 8592.62 900.945 9.65508 0 0 200.322 193.384 0 0.0255556 0.015 0 338.861 2.44618 0 5.75759 
9975 8621.61 900.98 9.66733 0 0 200.358 193.416 0 0.02 0.01 0 339.646 2.42045 0 5.77643 
10000 8635.91 901.351 9.66966 0 0 200.352 193.429 0 0.0188889 0.015 0 340.533 2.68283 0 5.78034 
