# Avida Dominant Data
# Fri Oct 16 06:18:44 2015
#  1: Update
#  2: Average Merit of the Dominant Genotype
#  3: Average Gestation Time of the Dominant Genotype
#  4: Average Fitness of the Dominant Genotype
#  5: Repro Rate?
#  6: Size of Dominant Genotype
#  7: Copied Size of Dominant Genotype
#  8: Executed Size of Dominant Genotype
#  9: Abundance of Dominant Genotype
# 10: Number of Births
# 11: Number of Dominant Breed True?
# 12: Dominant Gene Depth
# 13: Dominant Breed In
# 14: Max Fitness?
# 15: Genotype ID of Dominant Genotype
# 16: Name of the Dominant Genotype

0 0 0 0 0 200 0 0 20 0 0 0 0 2.22507e-308 1 200-aaaaa 
25 197 789 0.249683 0.00126743 200 200 0 20 0 0 0 0 0.249683 1 200-aaaaa 
50 197 789 0.249683 0.00126743 200 200 0 20 0 0 0 0 0.249683 1 200-aaaaa 
75 197 789 0.249683 0.00126743 200 200 0 20 0 0 0 0 0.249683 1 200-aaaaa 
100 197 789 0.249683 0.00126743 200 200 0 20 0 0 0 0 0.249683 1 200-aaaaa 
125 197 789 0.249683 0.00126743 200 200 0 24 0 0 0 0 0.249683 1 200-aaaaa 
150 197 789 0.249683 0.00126743 200 200 0 34 0 0 0 0 0.249683 1 200-aaaaa 
175 197 789 0.249683 0.00126743 200 199.978 0 38 0 0 0 0 0.249683 1 200-aaaaa 
200 197 789 0.249683 0.00126743 200 199.96 0 39 0 0 0 0 0.249683 1 200-aaaaa 
225 197 789 0.249683 0.00126743 200 199.94 0 41 0 0 0 0 0.249683 1 200-aaaaa 
250 197 789 0.249683 0.00126743 200 199.926 0 58 0 0 0 0 0.249683 1 200-aaaaa 
275 197 789 0.249683 0.00126743 200 199.92 0 82 0 0 0 0 0.249683 1 200-aaaaa 
300 197 789 0.249683 0.00126743 200 199.909 0 93 1 1 0 0 0.249683 1 200-aaaaa 
325 197 789 0.249683 0.00126743 200 199.903 0 98 3 1 0 0 0.249683 1 200-aaaaa 
350 197 789 0.249683 0.00126743 200 199.9 0 114 0 0 0 0 0.249683 1 200-aaaaa 
375 197 789 0.249683 0.00126743 200 199.902 0 165 1 0 0 0 0.249683 1 200-aaaaa 
400 197 789 0.249683 0.00126743 200 199.905 0 217 7 2 0 4 0.249683 1 200-aaaaa 
425 197 789 0.249683 0.00126743 200 199.904 0 252 7 5 0 1 0.249683 1 200-aaaaa 
450 197 789 0.249683 0.00126743 200 199.901 0 321 0 0 0 0 0.249683 1 200-aaaaa 
475 197 789 0.249683 0.00126743 200 199.896 0 296 3 1 0 1 0.249683 1 200-aaaaa 
500 197 789 0.249683 0.00126743 200 199.889 0 244 13 2 0 1 0.249683 1 200-aaaaa 
525 197 789 0.249683 0.00126743 200 199.885 0 191 0 0 0 0 0.249683 1 200-aaaaa 
550 197 789 0.249683 0.00126743 200 199.885 0 166 0 0 0 0 0.249683 1 200-aaaaa 
575 197 789 0.249683 0.00126743 200 199.887 0 125 0 0 0 0 0.249683 1 200-aaaaa 
600 197 789 0.249683 0.00126743 200 199.887 0 90 0 0 0 0 0.249683 1 200-aaaaa 
625 197 789 0.249683 0.00126743 200 199.885 0 74 0 0 0 0 0.249683 1 200-aaaaa 
650 197 789 0.249683 0.00126743 200 199.886 0 60 0 0 0 0 0.249683 1 200-aaaaa 
675 197 789 0.249683 0.00126743 200 199.885 0 50 0 0 0 0 0.249683 1 200-aaaaa 
700 197 988 0.199393 0.00101215 200 199.982 0 46 0 0 0 0 0.199393 3 200-aaaab 
725 197 988 0.199393 0.00101215 200 199.982 0 42 0 0 0 0 0.199393 3 200-aaaab 
750 197 988 0.199393 0.00101215 200 199.982 0 34 0 0 0 0 0.199393 3 200-aaaab 
775 197 988 0.199393 0.00101215 200 199.982 0 27 1 0 0 0 0.199393 3 200-aaaab 
800 197 988 0.199393 0.00101215 200 199.984 0 18 0 0 0 0 0.199393 3 200-aaaab 
825 197 988 0.199393 0.00101215 200 199.982 0 14 1 0 0 0 0.199393 3 200-aaaab 
850 197 988 0.199393 0.00101215 200 199.982 0 11 0 0 0 0 0.199393 3 200-aaaab 
875 197 988 0.199393 0.00101215 200 199.983 0 8 0 0 0 0 0.199393 3 200-aaaab 
900 197 988 0.199393 0.00101215 200 199.983 0 7 0 0 0 0 0.199393 3 200-aaaab 
925 197 988 0.199393 0.00101215 200 199.983 0 4 0 0 0 0 0.199393 3 200-aaaab 
950 197 988 0.199393 0.00101215 200 199.983 0 4 0 0 0 0 0.199393 3 200-aaaab 
975 1970 984 2.00203 0.00101626 200 200 0 3 0 0 0 0 2.00203 16699 200-aaakh 
1000 2574 1185 2.17215 0.000843882 200 201.4 0 3 0 0 0 0 2.17215 14089 200-aaajw 
1025 2561 1183 2.16484 0.000845309 200 200 0 4 0 0 0 0 2.16484 16615 200-aaakn 
1050 1970 982 2.00611 0.00101833 200 200 0 4 0 0 0 0 2.00611 18255 200-aaakq 
1075 1365 978 1.39571 0.00102249 200 200 0 3 0 0 0 0 1.39571 20717 200-aaaku 
1100 1365 978 1.39571 0.00102249 200 200 0 3 0 0 0 0 1.39571 20717 200-aaaku 
1125 1365 978 1.39571 0.00102249 200 200 0 3 1 0 0 0 1.39571 20717 200-aaaku 
1150 1365 978 1.39571 0.00102249 200 200 0 3 0 0 0 0 1.39571 20717 200-aaaku 
1175 2574 1184 2.17399 0.000844595 200 200.667 0 3 0 0 0 0 2.17399 26713 200-aaalc 
1200 2574 1182 2.17766 0.000846024 200 200 0 3 0 0 0 0 2.17766 23000 200-aaale 
1225 2561 780 3.28333 0.00128205 200 199.5 0 2 0 0 0 0 3.28333 28612 200-aaalf 
1250 2574 1184 2.17399 0.000844595 200 200.556 0 3 0 0 0 0 2.17399 26713 200-aaalc 
1275 2574 1184 2.17399 0.000844595 200 200.5 0 3 1 0 0 0 2.17399 26713 200-aaalc 
1300 2574 1184 2.17399 0.000844595 200 200.583 0 3 0 0 0 0 2.17399 26713 200-aaalc 
1325 2561 976 2.62398 0.00102459 200 200 0 3 0 0 0 0 2.62398 34687 200-aaalp 
1350 2561 783 3.27075 0.00127714 200 200.118 0 3 0 0 0 0 3.27075 30374 200-aaalv 
1375 2561 783 3.27075 0.00127714 200 200.2 0 4 0 0 0 0 3.27075 30374 200-aaalv 
1400 2405 965 2.49223 0.00103627 200 200 0 4 2 0 0 0 2.49223 37544 200-aaama 
1425 1960 779 2.51605 0.0012837 200 200.25 0 3 0 0 0 0 2.51605 40415 200-aaamc 
1450 2561 980 2.61327 0.00102041 200 200 0 3 0 0 0 0 2.61327 32163 200-aaamd 
1475 1372 978 1.40286 0.00102249 200 200 0 3 0 0 0 0 1.40286 41543 200-aaamn 
1500 1960 784 2.5 0.00127551 200 200 0 4 0 0 0 0 2.5 39781 200-aaamh 
1525 1960 784 2.5 0.00127551 200 200 0 3 0 0 0 0 2.5 39781 200-aaamh 
1550 2561 780 3.28333 0.00128205 200 200 0 2 0 0 0 0 3.28333 48019 200-aaamp 
1575 2548 974 2.61602 0.00102669 200 200 0 3 0 0 0 0 2.61602 49409 200-aaamv 
1600 2548 974 2.61602 0.00102669 200 200 0 3 0 0 0 0 2.61602 49409 200-aaamv 
1625 2548 974 2.61602 0.00102669 200 200 0 3 0 0 0 0 2.61602 49409 200-aaamv 
1650 2561 975 2.62667 0.00102564 200 200 0 3 0 0 0 0 2.62667 55829 200-aaana 
1675 2561 781 3.27913 0.00128041 200 200 0 3 0 0 0 0 3.27913 58082 200-aaanc 
1700 2379 962 2.47297 0.0010395 200 200 0 3 0 0 0 0 2.47297 60554 200-aaanf 
1725 2574 781 3.29577 0.00128041 201 201 0 3 1 0 0 0 3.29577 62753 201-aaaao 
1750 2548 979 2.60266 0.00102145 200 200.857 0 3 0 0 0 0 2.60266 57165 200-aaani 
1775 1960 978 2.00409 0.00102249 200 200 0 3 0 0 0 0 2.00409 59698 200-aaang 
1800 2561 983 2.60529 0.00101729 201 200.4 0 3 0 0 0 0 2.60529 66161 201-aaaaq 
1825 1970 983 2.00407 0.00101729 200 198.667 0 3 0 0 0 0 2.00407 68462 200-aaanp 
1850 2535 775 3.27097 0.00129032 199 200 0 3 0 0 0 0 3.27097 72402 199-aaacq 
1875 1980 789 2.50951 0.00126743 202 200 0 3 0 0 0 0 2.50951 72866 202-aaaad 
1900 2561 979 2.61593 0.00102145 200 200 0 3 0 0 0 0 2.61593 75062 200-aaant 
1925 1920 769 2.49675 0.00130039 200 199 0 3 0 0 0 0 2.49675 74427 200-aaanu 
1950 1980 789 2.50951 0.00126743 202 200 0 3 0 0 0 0 2.50951 72866 202-aaaad 
1975 2535 779 3.25417 0.0012837 199 199.1 0 2 0 0 0 0 3.25417 71132 199-aaacr 
2000 2535 779 3.25417 0.0012837 199 199.25 0 3 0 0 0 0 3.25417 71132 199-aaacr 
2025 1910 965 1.97927 0.00103627 199 199 0 2 0 0 0 0 1.97927 82820 199-aaacs 
2050 1910 965 1.97927 0.00103627 199 199 0 2 0 0 0 0 1.97927 82820 199-aaacs 
2075 2522 764 3.30105 0.0013089 199 199.444 0 2 0 0 0 0 3.30105 83649 199-no_name 
2100 2561 976 2.62398 0.00102459 200 200 0 3 0 0 0 0 2.62398 83107 200-aaanx 
2125 2561 976 2.62398 0.00102459 200 200 0 3 0 0 0 0 2.62398 83107 200-aaanx 
2150 2561 976 2.62398 0.00102459 200 200 0 3 0 0 0 0 2.62398 83107 200-aaanx 
2175 2535 774 3.27519 0.00129199 199 199.25 0 3 0 0 0 0 3.27519 93346 199-aaact 
2200 2535 774 3.27519 0.00129199 199 199.286 0 3 0 0 0 0 3.27519 93346 199-aaact 
2225 2522 774 3.2584 0.00129199 200 199.667 0 2 0 0 0 0 3.2584 94213 200-no_name 
2250 2574 980 2.62653 0.00102041 201 201.667 0 3 0 0 0 0 2.62653 99659 201-aaaau 
2275 2548 979 2.60266 0.00102145 200 200 0 2 0 0 0 0 2.60266 98520 200-no_name 
2300 2548 979 2.60266 0.00102145 200 200 0 2 0 0 0 0 2.60266 98520 200-no_name 
2325 2548 777 3.27928 0.001287 200 199.8 0 2 0 0 0 0 3.27928 103237 200-no_name 
2350 2535 971 2.61071 0.00102987 199 199.6 0 2 0 0 0 0 2.61071 105302 199-no_name 
2375 2548 978 2.60532 0.00102249 201 201 0 2 0 0 0 0 2.60532 106165 201-aaaav 
2400 2561 980 2.61327 0.00102041 200 200 0 2 0 0 0 0 2.61327 110085 200-aaaoa 
2425 2444 770 3.17403 0.0012987 201 199.333 0 3 0 0 0 0 3.17403 113641 201-aaaaw 
2450 2444 770 3.17403 0.0012987 201 199.167 0 3 0 0 0 0 3.17403 113641 201-aaaaw 
2475 1960 778 2.51928 0.00128535 200 200.333 0 2 0 0 0 0 2.51928 112887 200-aaaob 
2500 1960 778 2.51928 0.00128535 200 200.375 0 2 0 0 0 0 2.51928 112887 200-aaaob 
2525 1960 778 2.51928 0.00128535 200 200.4 0 2 0 0 0 0 2.51928 112887 200-aaaob 
2550 2548 974 2.61602 0.00102669 200 200.667 0 2 0 0 0 0 2.61602 117439 200-no_name 
2575 2561 978 2.61861 0.00102249 200 200 0 3 0 0 0 0 2.61861 107387 200-aaaoc 
2600 2548 974 2.61602 0.00102669 200 200.444 0 3 0 0 0 0 2.61602 117439 200-aaaod 
2625 2548 974 2.61602 0.00102669 200 200.333 0 3 0 0 0 0 2.61602 117439 200-aaaod 
2650 2548 974 2.61602 0.00102669 200 200.267 0 3 0 0 0 0 2.61602 117439 200-aaaod 
2675 1950 773 2.52264 0.00129366 201 201.333 0 2 0 0 0 0 2.52264 126415 201-no_name 
2700 1900 966 1.96687 0.0010352 199 199.667 0 2 0 0 0 0 1.96687 129996 199-no_name 
2725 2561 774 3.30879 0.00129199 200 200 0 2 0 0 0 0 3.30879 124998 200-aaaoe 
2750 2561 774 3.30879 0.00129199 200 199.909 0 2 1 0 0 0 3.30879 124998 200-aaaoe 
2775 2561 976 2.62398 0.00102459 200 200 0 2 0 0 0 0 2.62398 130961 200-no_name 
2800 2561 976 2.62398 0.00102459 200 200 0 2 0 0 0 0 2.62398 130961 200-no_name 
2825 1940 776 2.5 0.00128866 201 200.571 0 2 0 0 0 0 2.5 136698 201-no_name 
2850 2548 769 3.31339 0.00130039 200 200 0 2 0 0 0 0 3.31339 138581 200-no_name 
2875 2457 764 3.21597 0.0013089 200 199 0 3 0 0 0 0 3.21597 139356 200-aaaog 
2900 2457 764 3.21597 0.0013089 200 199 0 2 0 0 0 0 3.21597 139356 200-aaaog 
2925 2548 772 3.30052 0.00129534 199 199.667 0 2 0 0 0 0 3.30052 133920 199-aaacw 
2950 2548 772 3.30052 0.00129534 199 199.647 0 2 0 0 0 0 3.30052 133920 199-aaacw 
2975 2509 762 3.29265 0.00131234 199 199 0 2 0 0 0 0 3.29265 149992 199-no_name 
3000 2535 974 2.60267 0.00102669 200 200 0 2 0 0 0 0 2.60267 151332 200-no_name 
3025 2535 974 2.60267 0.00102669 200 200 0 2 0 0 0 0 2.60267 151332 200-no_name 
3050 2483 962 2.58108 0.0010395 199 199.75 0 2 0 0 0 0 2.58108 153629 199-no_name 
3075 3136 770 4.07273 0.0012987 200 200 0 3 0 0 0 0 4.07273 158019 200-aaaok 
3100 3136 770 4.07273 0.0012987 200 200 0 2 0 0 0 0 4.07273 158019 200-aaaok 
3125 2509 976 2.5707 0.00102459 201 201 0 2 0 0 0 0 2.5707 162493 201-aaaax 
3150 2548 772 3.30052 0.00129534 200 200 0 3 0 0 0 0 3.30052 163246 200-aaaol 
3175 2548 772 3.30052 0.00129534 200 200 0 3 0 0 0 0 3.30052 163246 200-aaaol 
3200 2548 772 3.30052 0.00129534 200 200 0 3 0 0 0 0 3.30052 163246 200-aaaol 
3225 2548 772 3.30052 0.00129534 200 200 0 2 0 0 0 0 3.30052 163246 200-aaaol 
3250 3152 774 4.07235 0.00129199 200 200 0 2 0 0 0 0 4.07235 170199 200-no_name 
3275 2535 770 3.29221 0.0012987 200 199.667 0 2 0 0 0 0 3.29221 170142 200-no_name 
3300 3648 769 4.74382 0.00130039 200 200.667 0 2 0 0 0 0 4.74382 175270 200-no_name 
3325 3648 769 4.74382 0.00130039 200 200.556 0 2 0 0 0 0 4.74382 175270 200-no_name 
3350 2548 968 2.63223 0.00103306 200 200 0 2 0 0 0 0 2.63223 172680 200-no_name 
3375 3695.5 962.5 3.83948 0.00103896 200 200 0 2 0 0 0 0 3.84735 178165 200-no_name 
3400 2548 963 2.6459 0.00103842 199 199 0 2 0 0 0 0 2.6459 178961 199-no_name 
3425 2548 963 2.6459 0.00103842 199 199 0 2 0 0 0 0 2.6459 178961 199-no_name 
3450 3136 772 4.06218 0.00129534 200 200 0 2 0 0 0 0 4.06218 184236 200-no_name 
3475 3724 774 4.81137 0.00129199 200 200 0 3 1 0 0 0 4.81137 183465 200-aaaon 
3500 3136 772 4.06218 0.00129534 200 200 0 2 0 0 0 0 4.06218 184236 200-no_name 
3525 3136 772 4.06218 0.00129534 200 200 0 2 0 0 0 0 4.06218 184236 200-no_name 
3550 3120 963 3.23988 0.00103842 199 199 0 2 0 0 0 0 3.23988 188017 199-no_name 
3575 1950 968 2.01446 0.00103306 200 200 0 2 0 0 0 0 2.01446 185700 200-no_name 
3600 3168 780 4.06154 0.00128205 201 200 0 2 0 0 0 0 4.06154 194282 201-no_name 
3625 3168 780 4.06154 0.00128205 201 200 0 2 0 0 0 0 4.06154 194282 201-no_name 
3650 3705 961 3.85536 0.00104058 200 200 0 3 0 0 0 0 3.85536 202008 200-aaaoo 
3675 1960 764 2.56545 0.0013089 200 200 0 2 0 0 0 0 2.56545 186467 200-aaaop 
3700 2548 977 2.60798 0.00102354 200 200 0 2 0 0 0 0 2.60798 194939 200-no_name 
3725 2548 977 2.60798 0.00102354 200 200 0 2 0 0 0 0 2.60798 194939 200-no_name 
3750 3136 973 3.22302 0.00102775 200 200.667 0 2 0 0 0 0 3.22302 199377 200-no_name 
3775 3692.33 965.333 3.82493 0.00103591 199 199.667 0 3 0 0 0 0 3.8354 210624 199-aaacy 
3800 3088 958 3.22338 0.00104384 200 200 0 2 0 0 0 0 3.22338 205860 200-aaaoq 
3825 3088 958 3.22338 0.00104384 200 200 0 2 0 0 0 0 3.22338 205860 200-aaaoq 
3850 2561 975 2.62667 0.00102564 200 200 0 2 0 0 0 0 2.62667 211499 200-no_name 
3875 2960 956 3.09623 0.00104603 200 200 0 2 0 0 0 0 3.09623 214064 200-no_name 
3900 3168 774 4.09302 0.00129199 201 199.6 0 2 0 0 0 0 4.09302 218461 201-no_name 
3925 3724 961 3.87513 0.00104058 200 200.667 0 2 0 0 0 0 3.87513 217498 200-no_name 
3950 3724 961 3.87513 0.00104058 200 200.625 0 2 0 0 0 0 3.87513 217498 200-no_name 
3975 3724 961 3.87513 0.00104058 200 200.6 0 2 0 0 0 0 3.87513 217498 200-no_name 
4000 2522 769 3.27958 0.00130039 200 200 0 2 0 0 0 0 3.27958 225363 200-no_name 
4025 3152 778 4.05141 0.00128535 201 201 0 3 0 0 0 0 4.05141 229709 201-aaaaz 
4050 3591 759 4.73123 0.00131752 201 200.733 0 2 0 0 0 0 4.73123 217282 201-aaaba 
4075 4334 777 5.57786 0.001287 201 199.222 0 2 2 0 0 0 5.57786 227763 201-aaabc 
4100 2535 768 3.30078 0.00130208 200 200 0 2 0 0 0 0 3.30078 230119 200-no_name 
4125 2535 768 3.30078 0.00130208 200 200 0 2 0 0 0 0 3.30078 230119 200-no_name 
4150 2535 768 3.30078 0.00130208 200 200 0 2 0 0 0 0 3.30078 230119 200-no_name 
4175 2535 768 3.30078 0.00130208 200 200 0 2 0 0 0 0 3.30078 230119 200-no_name 
4200 3686 768 4.79948 0.00130208 199 199.429 0 2 2 0 0 0 4.79948 238336 199-aaacz 
4225 3686 768 4.79948 0.00130208 199 199.5 0 2 0 0 0 0 4.79948 238336 199-aaacz 
4250 2548 769 3.31339 0.00130039 201 200 0 2 0 0 0 0 3.31339 243606 201-no_name 
4275 2548 769 3.31339 0.00130039 201 200 0 2 0 0 0 0 3.31339 243606 201-no_name 
4300 3767.18 776.273 4.85291 0.00128821 202 200 0 2 0 0 0 0 4.86615 241066 202-no_name 
4325 3152 770 4.09351 0.0012987 201 201.6 0 2 0 0 0 0 4.09351 245431 201-aaabd 
4350 3152 770 4.09351 0.0012987 201 201.143 0 2 0 0 0 0 4.09351 245431 201-aaabd 
4375 5488 765 7.17386 0.00130719 200 200 0 3 0 0 0 0 7.17386 255079 200-aaaou 
4400 5488 765 7.17386 0.00130719 200 200 0 2 0 0 0 0 7.17386 255079 200-aaaou 
4425 4258.5 764.5 5.5698 0.00130805 200 199.125 0 2 0 0 0 0 6.33987 250698 200-no_name 
4450 3088 769 4.0156 0.00130039 200 200 0 2 0 0 0 0 4.0156 255947 200-no_name 
4475 3104 763 4.06815 0.00131062 200 200.167 0 2 0 0 0 0 4.06815 253873 200-no_name 
4500 3104 763 4.06815 0.00131062 200 200.25 0 2 0 0 0 0 4.06815 253873 200-no_name 
4525 3705 772 4.79922 0.00129534 201 200.625 0 2 0 0 0 0 4.79922 258840 201-no_name 
4550 3705 760 4.875 0.00131579 201 201 0 3 0 0 0 0 4.875 266293 201-aaabe 
4575 3705 760 4.875 0.00131579 201 201 0 2 0 0 0 0 4.875 266293 201-aaabe 
4600 2880 755 3.81457 0.0013245 200 199.375 0 2 0 0 0 0 3.81457 262381 200-no_name 
4625 3136 770 4.07273 0.0012987 200 201 0 2 0 0 0 0 4.07273 269986 200-aaaow 
4650 5983 967 6.18718 0.00103413 200 200 0 2 0 0 0 0 6.18718 267685 200-no_name 
4675 4850 970 5 0.00103093 199 199 0 2 0 0 0 0 5 260238 199-no_name 
4700 4850 970 5 0.00103093 199 199 0 2 0 0 0 0 5 260238 199-no_name 
4725 4625 957 4.83281 0.00104493 200 200 0 2 0 0 0 0 4.83281 277843 200-aaaox 
4750 4850 970 5 0.00103093 199 199 0 2 0 0 0 0 5 260238 199-no_name 
4775 4312 769 5.60728 0.00130039 200 200 0 3 0 0 0 0 5.60728 272183 200-aaaoy 
4800 4312 769 5.60728 0.00130039 200 200 0 2 0 0 0 0 5.60728 272183 200-aaaoy 
4825 4875 966 5.04658 0.0010352 200 200 0 2 0 0 0 0 5.04658 279030 200-no_name 
4850 3120 962 3.24324 0.0010395 199 200.333 0 3 0 0 0 0 3.24324 286481 199-aaadb 
4875 4290 764 5.61518 0.0013089 200 200 0 2 0 0 0 0 5.61518 284774 200-no_name 
4900 4800 972 4.93827 0.00102881 200 200 0 2 0 0 0 0 4.93827 283978 200-no_name 
4925 3686 968 3.80785 0.00103306 200 200 0 2 0 0 0 0 3.80785 290979 200-aaaoz 
4950 5432 960 5.65833 0.00104167 200 200 0 2 0 0 0 0 5.65833 296644 200-no_name 
4975 5432 960 5.65833 0.00104167 200 200 0 2 0 0 0 0 5.65833 296644 200-no_name 
5000 4290 962 4.45946 0.0010395 200 200 0 2 0 0 0 0 4.45946 289888 200-no_name 
5025 4246 763 5.56488 0.00131062 200 200.625 0 2 0 0 0 0 5.56488 296621 200-no_name 
5050 6076 970 6.26392 0.00103093 201 200.333 0 3 0 0 0 0 6.26392 305278 201-aaabf 
5075 4202 757 5.55086 0.001321 200 200 0 2 0 0 0 0 5.55086 304463 200-no_name 
5100 4202 757 5.55086 0.001321 200 200 0 2 0 0 0 0 5.55086 304463 200-no_name 
5125 4312 978 4.409 0.00102249 202 201.333 0 2 0 0 0 0 4.409 309424 202-no_name 
5150 4900 769 6.37191 0.00130039 200 199 0 2 0 0 0 0 6.37191 305333 200-no_name 
5175 4900 769 6.37191 0.00130039 200 199 0 2 0 0 0 0 6.37191 305333 200-no_name 
5200 3104 967 3.20993 0.00103413 201 201.857 0 2 0 0 0 0 3.20993 300211 201-no_name 
5225 5404 757 7.13871 0.001321 200 200 0 2 0 0 0 0 7.13871 297746 200-no_name 
5250 4900 963 5.08827 0.00103842 200 200 0 3 0 0 0 0 5.08827 316977 200-aaapa 
5275 4900 963 5.08827 0.00103842 200 200 0 2 0 0 0 0 5.08827 316977 200-aaapa 
5300 3724 762 4.88714 0.00131234 200 200.6 0 2 0 0 0 0 4.88714 318554 200-no_name 
5325 4268 767 5.56454 0.00130378 200 199.556 0 2 0 0 0 0 5.56454 319061 200-no_name 
5350 6596 761 8.66754 0.00131406 200 200 0 3 0 0 0 0 8.66754 316798 200-aaapb 
5375 6596 761 8.66754 0.00131406 200 200 0 2 0 0 0 0 8.66754 316798 200-aaapb 
5400 4268 767 5.56454 0.00130378 200 199.538 0 2 0 0 0 0 5.56454 319061 200-no_name 
5425 4268 767 5.56454 0.00130378 200 199.533 0 2 0 0 0 0 5.56454 319061 200-no_name 
5450 5921 955 6.2 0.00104712 200 200 0 2 0 0 0 0 6.2 333030 200-no_name 
5475 3724 973 3.82734 0.00102775 201 201 0 2 0 0 0 0 3.82734 332721 201-no_name 
5500 3724 973 3.82734 0.00102775 201 201 0 2 0 0 0 0 3.82734 332721 201-no_name 
5525 4875 755 6.45695 0.0013245 199 200.333 0 2 0 0 0 0 6.45695 339093 199-no_name 
5550 5952 762 7.81102 0.00131234 200 200.846 0 3 0 0 0 0 7.81102 327899 200-aaapc 
5575 5952 762 7.81102 0.00131234 200 200.688 0 2 0 0 0 0 7.81102 327899 200-aaapc 
5600 4900 972 5.04115 0.00102881 201 201 0 2 0 0 0 0 5.04115 334882 201-no_name 
5625 3743 770 4.86104 0.0012987 202 200.4 0 2 0 0 0 0 4.86104 341277 202-no_name 
5650 4775 960 4.97396 0.00104167 201 201 0 2 0 0 0 0 4.97396 338771 201-no_name 
5675 5432 961 5.65245 0.00104058 200 200 0 2 0 0 0 0 5.65245 346838 200-no_name 
5700 5516 964 5.72199 0.00103734 201 201 0 2 0 0 0 0 5.72199 349894 201-no_name 
5725 5516 964 5.72199 0.00103734 201 201 0 2 0 0 0 0 5.72199 349894 201-no_name 
5750 4875 973 5.01028 0.00102775 200 200 0 2 0 0 0 0 5.01028 342974 200-no_name 
5775 5952 964 6.17427 0.00103734 201 201 0 2 0 0 0 0 6.17427 353772 201-no_name 
5800 5404 949 5.69442 0.00105374 198 198.667 0 2 0 0 0 0 5.69442 359635 198-no_name 
5825 4202 758 5.54354 0.00131926 200 200.667 0 2 0 0 0 0 5.54354 359773 200-no_name 
5850 6014 967 6.21923 0.00103413 201 201 0 2 0 0 0 0 6.21923 357753 201-no_name 
5875 7178 764 9.39529 0.0013089 200 200.167 0 2 0 0 0 0 9.39529 361741 200-aaapd 
5900 7178 764 9.39529 0.0013089 200 200.25 0 2 0 0 0 0 9.39529 361741 200-aaapd 
5925 7178 764 9.39529 0.0013089 200 200.333 0 2 0 0 0 0 9.39529 361741 200-aaapd 
5950 7252 766 9.46736 0.00130548 200 200.143 0 2 0 0 0 0 9.46736 368403 200-no_name 
5975 5404 959 5.63504 0.00104275 200 200 0 2 0 0 0 0 5.63504 370261 200-no_name 
6000 5673 950 5.97158 0.00105263 200 199.4 0 2 0 0 0 0 5.97158 371981 200-no_name 
6025 6290 945 6.65608 0.0010582 199 199 0 2 0 0 0 0 6.65608 371408 199-no_name 
6050 6290 945 6.65608 0.0010582 199 199 0 2 0 0 0 0 6.65608 371408 199-no_name 
6075 5432 963 5.64071 0.00103842 200 200.667 0 2 0 0 0 0 5.64071 373202 200-no_name 
6100 5404 764 7.0733 0.0013089 201 200 0 2 0 0 0 0 7.0733 377947 201-no_name 
6125 5404 764 7.0733 0.0013089 201 200 0 2 0 0 0 0 7.0733 377947 201-no_name 
6150 5404 764 7.0733 0.0013089 201 200 0 2 0 0 0 0 7.0733 377947 201-no_name 
6175 5460 967 5.64633 0.00103413 201 200.4 0 2 0 0 0 0 5.64633 384552 201-no_name 
6200 8299 952 8.71744 0.00105042 200 199.4 0 2 0 0 0 0 8.71744 387209 200-aaape 
6225 8299 952 8.71744 0.00105042 200 199.625 0 2 0 0 0 0 8.71744 387209 200-aaape 
6250 8299 952 8.71744 0.00105042 200 199.727 0 2 0 0 0 0 8.71744 387209 200-aaape 
6275 6324 955 6.62199 0.00104712 201 201 0 2 0 0 0 0 6.62199 392044 201-aaabg 
6300 5921 756 7.83201 0.00132275 200 200 0 2 0 0 0 0 7.83201 385011 200-no_name 
6325 6014 953 6.3106 0.00104932 198 198.6 0 2 0 0 0 0 6.3106 394503 198-no_name 
6350 6222 747 8.32932 0.00133869 198 200 0 2 1 0 0 0 8.32932 397371 198-aaaae 
6375 6222 747 8.32932 0.00133869 198 200 0 2 0 0 0 0 8.32932 397371 198-aaaae 
6400 5488 766 7.16449 0.00130548 200 200 0 2 0 0 0 0 7.16449 395864 200-aaapf 
6425 5488 766 7.16449 0.00130548 200 200 0 3 0 0 0 0 7.16449 395864 200-aaapf 
6450 5488 766 7.16449 0.00130548 200 199.923 0 3 0 0 0 0 7.16449 395864 200-aaapf 
6475 5488 766 7.16449 0.00130548 200 199.875 0 3 0 0 0 0 7.16449 395864 200-aaapf 
6500 5488 959 5.72263 0.00104275 200 200.667 0 2 0 0 0 0 5.72263 410438 200-no_name 
6525 5488 959 5.72263 0.00104275 200 200.6 0 2 0 0 0 0 5.72263 410438 200-no_name 
6550 6045 970 6.23196 0.00103093 201 201 0 2 0 0 0 0 6.23196 414113 201-no_name 
6575 6045 970 6.23196 0.00103093 201 201 0 2 0 0 0 0 6.23196 414113 201-no_name 
6600 7067 754 9.37268 0.00132626 200 199.667 0 2 0 0 0 0 9.37268 416667 200-no_name 
6625 7067 754 9.37268 0.00132626 200 199.625 0 2 0 0 0 0 9.37268 416667 200-no_name 
6650 6076 768 7.91146 0.00130208 201 201 0 2 0 0 0 0 7.91146 418171 201-no_name 
6675 6076 768 7.91146 0.00130208 201 201 0 2 0 0 0 0 7.91146 418171 201-no_name 
6700 7720 960 8.04167 0.00104167 201 201 0 2 0 0 0 0 8.04167 423366 201-aaabh 
6725 7760 972 7.98354 0.00102881 201 200.429 0 2 0 0 0 0 7.98354 423575 201-no_name 
6750 6076 767 7.92177 0.00130378 200 200 0 2 0 0 0 0 7.92177 423337 200-no_name 
6775 6076 767 7.92177 0.00130378 200 200 0 2 0 0 0 0 7.92177 423337 200-no_name 
6800 6076 767 7.92177 0.00130378 200 200 0 2 0 0 0 0 7.92177 423337 200-no_name 
6825 6698 767 8.73272 0.00130378 201 200 0 2 0 0 0 0 8.73272 428918 201-no_name 
6850 6111 959 6.37226 0.00104275 200 200 0 2 0 0 0 0 6.878 427584 200-no_name 
6875 6159.5 959 6.42284 0.00104275 200 200 0 2 0 0 0 0 6.878 427584 200-no_name 
6900 6562 961 6.8283 0.00104058 200 200 0 2 0 0 0 0 6.8283 435896 200-no_name 
6925 6562 961 6.8283 0.00104058 200 200 0 2 0 0 0 0 6.8283 435896 200-no_name 
6950 7141 762 9.37139 0.00131234 200 200 0 2 0 0 0 0 9.37139 432934 200-no_name 
6975 7141 762 9.37139 0.00131234 200 200 0 2 0 0 0 0 9.37139 432934 200-no_name 
7000 7141 762 9.37139 0.00131234 200 200 0 2 0 0 0 0 9.37139 432934 200-no_name 
7025 6562 761 8.62286 0.00131406 200 199.667 0 2 0 0 0 0 8.62286 446592 200-no_name 
7050 7800 754 10.3448 0.00132626 200 200 0 2 0 0 0 0 10.3448 448831 200-no_name 
7075 7800 754 10.3448 0.00132626 200 200 0 2 0 0 0 0 10.3448 448831 200-no_name 
7100 4268 761 5.60841 0.00131406 200 200 0 2 0 0 0 0 5.60841 456036 200-no_name 
7125 7760 761 10.1971 0.00131406 201 199.667 0 2 0 0 0 0 10.1971 455643 201-no_name 
7150 7760 761 10.1971 0.00131406 201 199.625 0 2 0 0 0 0 10.1971 455643 201-no_name 
7175 8385 961 8.72529 0.00104058 200 200 0 2 0 0 0 0 8.72529 456811 200-no_name 
7200 4900 762 6.43045 0.00131234 201 199.6 0 2 0 0 0 0 6.43045 456453 201-no_name 
7225 8385 968 8.66219 0.00103306 201 201 0 3 0 0 0 0 8.66219 449944 201-aaabi 
7250 8385 968 8.66219 0.00103306 201 201 0 2 0 0 0 0 8.66219 449944 201-aaabi 
7275 8970 762 11.7717 0.00131234 200 200 0 2 0 0 0 0 11.7717 462743 200-no_name 
7300 8970 762 11.7717 0.00131234 200 200 0 2 0 0 0 0 11.7717 462743 200-no_name 
7325 5432 948 5.72996 0.00105485 200 200 0 2 0 0 0 0 5.72996 465329 200-no_name 
7350 5432 948 5.72996 0.00105485 200 200 0 2 0 0 0 0 5.72996 465329 200-no_name 
7375 5432 948 5.72996 0.00105485 200 200 0 2 0 0 0 0 5.72996 465329 200-no_name 
7400 3629 949 3.82403 0.00105374 200 200 0 2 0 0 0 0 3.82403 472111 200-no_name 
7425 7178 967 7.42296 0.00103413 202 201.4 0 2 0 0 0 0 7.42296 476582 202-no_name 
7450 5983 754 7.93501 0.00132626 199 200.6 0 2 0 0 0 0 7.93501 478181 199-no_name 
7475 7489 963 7.77674 0.00103842 200 200 0 2 0 0 0 0 8.09969 477510 200-no_name 
7500 8385 761 11.0184 0.00131406 201 200.545 0 2 0 0 0 0 11.0184 480486 201-no_name 
7525 6494 959 6.77164 0.00104275 202 201.2 0 2 0 0 0 0 6.77164 470440 202-no_name 
7550 7215 950 7.59474 0.00105263 200 200 0 2 0 0 0 0 7.59474 484419 200-no_name 
7575 7104 949 7.48577 0.00105374 199 199 0 2 0 0 0 0 7.48577 476641 199-no_name 
7600 7178 967 7.42296 0.00103413 201 201 0 2 0 0 0 0 7.42296 489982 201-no_name 
7625 7215 766 9.41906 0.00130548 200 200 0 2 0 0 0 0 9.41906 488355 200-no_name 
7650 9653 762 12.668 0.00131234 200 200.571 0 2 0 0 0 0 12.668 494296 200-no_name 
7675 9653 762 12.668 0.00131234 200 200.556 0 2 0 0 0 0 12.668 494296 200-no_name 
7700 9653 762 12.668 0.00131234 200 200.538 0 2 0 0 0 0 12.668 494296 200-no_name 
7725 7178 755 9.50728 0.0013245 200 198.75 0 2 0 0 0 0 9.50728 489534 200-no_name 
7750 7840 961 8.15817 0.00104058 201 201.75 0 2 0 0 0 0 8.15817 488717 201-no_name 
7775 7720 755 10.2252 0.0013245 199 199.8 0 2 0 0 0 0 10.2252 503877 199-no_name 
7800 7880 768 10.2604 0.00130208 201 200.667 0 2 0 0 0 0 10.2604 502674 201-aaabj 
7825 6596 757 8.71334 0.001321 199 200.5 0 2 0 0 0 0 8.71334 506543 199-no_name 
7850 6596 757 8.71334 0.001321 199 200.333 0 2 0 0 0 0 8.71334 506543 199-no_name 
7875 7720 951 8.11777 0.00105152 200 200 0 2 0 0 0 0 8.11777 503972 200-no_name 
7900 6664 756 8.81481 0.00132275 200 200 0 2 0 0 0 0 8.81481 513430 200-no_name 
7925 6076 954 6.36897 0.00104822 200 200 0 2 0 0 0 0 6.36897 511980 200-no_name 
7950 8084 954 8.47379 0.00104822 199 199 0 2 0 0 0 0 8.47379 516759 199-no_name 
7975 8127 949 8.56375 0.00105374 200 200 0 2 0 0 0 0 8.56375 520146 200-no_name 
8000 8127 949 8.56375 0.00105374 200 200 0 2 0 0 0 0 8.56375 520146 200-no_name 
8025 9408 757 12.428 0.001321 201 199.333 0 2 0 0 0 0 12.428 522084 201-no_name 
8050 9408 757 12.428 0.001321 201 199.375 0 2 0 0 0 0 12.428 522084 201-no_name 
8075 6596 952 6.92857 0.00105042 201 201.833 0 2 0 0 0 0 6.92857 518366 201-no_name 
8100 8970 751 11.9441 0.00133156 200 200 0 2 0 0 0 0 11.9441 526903 200-no_name 
8125 7760 956 8.11715 0.00104603 200 200 0 2 0 0 0 0 8.11715 523557 200-no_name 
8150 5404 761 7.10118 0.00131406 200 200.667 0 2 0 0 0 0 7.10118 532044 200-no_name 
8175 5404 761 7.10118 0.00131406 200 200.6 0 2 0 0 0 0 7.10118 532044 200-no_name 
8200 7800 754 10.3448 0.00132626 200 199.3 0 2 0 0 0 0 10.3448 528075 200-no_name 
8225 7800 754 10.3448 0.00132626 200 199.333 0 2 0 0 0 0 10.3448 528075 200-no_name 
8250 7800 753 10.3586 0.00132802 200 200 0 2 0 0 0 0 10.3586 541021 200-aaaph 
8275 6630 1157 5.73034 0.000864304 200 200.5 0 3 0 0 0 0 5.73034 536959 200-aaapi 
8300 6630 1157 5.73034 0.000864304 200 200.5 0 3 0 0 0 0 5.73034 536959 200-aaapi 
8325 5460 756 7.22222 0.00132275 200 200.125 0 2 0 0 0 0 7.22222 533477 200-no_name 
8350 8372 947 8.84055 0.00105597 199 199 0 2 0 0 0 0 8.84055 545050 199-aaadc 
8375 8924 951 9.38381 0.00105152 201 200.429 0 3 0 0 0 0 9.38381 546166 201-aaabk 
8400 8878 966 9.19048 0.0010352 201 201 0 2 0 0 0 0 9.19048 550537 201-no_name 
8425 7840 761 10.3022 0.00131406 200 201.7 0 2 0 0 0 0 10.3022 545399 200-no_name 
8450 5544 967 5.7332 0.00103413 201 201 0 2 0 0 0 0 5.7332 553634 201-no_name 
8475 9850 762 12.9265 0.00131234 201 200.25 0 3 0 0 0 0 12.9265 557603 201-aaabl 
8500 8970 959 9.35349 0.00104275 201 200.2 0 3 0 0 0 0 9.35349 553996 201-aaabm 
8525 8970 959 9.35349 0.00104275 201 200.375 0 2 0 0 0 0 9.35349 553996 201-aaabm 
8550 8299 957 8.67189 0.00104493 200 200.625 0 2 0 0 0 0 8.67189 556620 200-no_name 
8575 8299 957 8.67189 0.00104493 200 200.6 0 2 0 0 0 0 8.67189 556620 200-no_name 
8600 7800 760 10.2632 0.00131579 201 201.286 0 2 0 0 0 0 10.2632 563640 201-no_name 
8625 7800 760 10.2632 0.00131579 201 201.333 0 2 0 0 0 0 10.2632 563640 201-no_name 
8650 6601.67 959.167 6.88271 0.00104257 201 200.333 0 2 0 0 0 0 6.90625 564401 201-no_name 
8675 6601.67 959.167 6.88271 0.00104257 201 200.333 0 2 0 0 0 0 6.90625 564401 201-no_name 
8700 6604.5 959.25 6.88506 0.00104248 201 200.375 0 2 0 0 0 0 6.90625 564401 201-no_name 
8725 9062 758 11.9551 0.00131926 200 200.7 0 2 0 0 0 0 11.9551 569491 200-no_name 
8750 9062 758 11.9551 0.00131926 200 200.667 0 2 0 0 0 0 11.9551 569491 200-no_name 
8775 7680 956 8.03347 0.00104603 200 199.429 0 2 0 0 0 0 8.03347 573670 200-no_name 
8800 7680 956 8.03347 0.00104603 200 199.444 0 2 0 0 0 0 8.03347 573670 200-no_name 
8825 7178 762 9.41995 0.00131234 200 200.333 0 2 0 0 0 0 9.41995 579646 200-no_name 
8850 7178 762 9.41995 0.00131234 200 200.375 0 2 0 0 0 0 9.41995 579646 200-no_name 
8875 5890 951 6.19348 0.00105152 199 198.333 0 2 0 0 0 0 6.19348 579582 199-no_name 
8900 8249.86 957.857 8.61282 0.001044 199 199 0 2 0 0 0 0 8.61795 581011 199-no_name 
8925 7880 761 10.3548 0.00131406 201 200.6 0 2 0 0 0 0 10.3548 589414 201-no_name 
8950 6993 958 7.29958 0.00104384 200 200 0 2 0 0 0 0 7.29958 589110 200-no_name 
8975 8385 973 8.61768 0.00102775 201 201.667 0 2 0 0 0 0 8.61768 593606 201-aaabn 
9000 6045 767 7.88136 0.00130378 200 201.333 0 2 0 0 0 0 7.88136 594788 200-no_name 
9025 9604 765 12.5542 0.00130719 202 201 0 2 0 0 0 0 12.5542 591288 202-no_name 
9050 9604 765 12.5542 0.00130719 202 201 0 2 0 0 0 0 12.5542 591288 202-no_name 
9075 8299 963 8.61786 0.00103842 200 200 0 2 0 0 0 0 8.61786 598648 200-no_name 
9100 8299 963 8.61786 0.00103842 200 200 0 2 0 0 0 0 8.61786 598648 200-no_name 
9125 7067 958 7.37683 0.00104384 201 201 0 2 0 0 0 0 7.37683 585859 201-no_name 
9150 7067 958 7.37683 0.00104384 201 201 0 2 0 0 0 0 7.37683 585859 201-no_name 
9175 7067 958 7.37683 0.00104384 201 201 0 2 0 0 0 0 7.37683 585859 201-no_name 
9200 6494 950 6.83579 0.00105263 200 201 0 2 0 0 0 0 6.83579 611794 200-no_name 
9225 9062 773 11.7232 0.00129366 202 198.8 0 2 0 0 0 0 11.7232 612562 202-no_name 
9250 9043.13 767 11.7903 0.00130378 200 200 0 2 0 0 0 0 12.4576 610715 200-no_name 
9275 6664 963 6.92004 0.00103842 201 201 0 2 0 0 0 0 6.92004 599308 201-no_name 
9300 8299 949 8.74499 0.00105374 200 200 0 2 0 0 0 0 8.74499 616631 200-no_name 
9325 8832 947 9.32629 0.00105597 200 200 0 2 0 0 0 0 9.32629 617971 200-no_name 
9350 10229 961 10.6441 0.00104058 200 199.444 0 2 0 0 0 0 10.6441 616344 200-no_name 
9375 9062 774 11.708 0.00129199 202 200 0 2 0 0 0 0 11.708 619344 202-no_name 
9400 8712 959 9.08446 0.00104275 202 202 0 2 0 0 0 0 9.08446 618878 202-no_name 
9425 9506 956 9.94351 0.00104603 200 199 0 2 0 0 0 0 9.94351 629656 200-no_name 
9450 6919 946 7.31395 0.00105708 199 199 0 2 0 0 0 0 7.31395 629602 199-no_name 
9475 8213 947 8.67265 0.00105597 200 200 0 2 0 0 0 0 8.67265 625787 200-no_name 
9500 12090 955 12.6597 0.00104712 200 200 0 2 0 0 0 0 12.6597 634588 200-no_name 
9525 8385 761 11.0184 0.00131406 200 200 0 2 0 0 0 0 11.0184 630876 200-no_name 
9550 10036 959 10.4651 0.00104275 201 201 0 2 0 0 0 0 10.4651 636755 201-no_name 
9575 10046.4 959.2 10.4737 0.00104254 201 201 0 2 0 0 0 0 10.5083 636755 201-no_name 
9600 9408 955 9.85131 0.00104712 200 200 0 2 0 0 0 0 9.85131 634122 200-no_name 
9625 9408 955 9.85131 0.00104712 200 200 0 2 0 0 0 0 9.85131 634122 200-no_name 
9650 8878 964 9.20954 0.00103734 200 200 0 2 0 0 0 0 9.20954 645426 200-no_name 
9675 7215 955 7.55497 0.00104712 200 200 0 2 0 0 0 0 7.55497 643162 200-no_name 
9700 7215 955 7.55497 0.00104712 200 200 0 2 0 0 0 0 7.55497 643162 200-no_name 
9725 10920 760 14.3684 0.00131579 201 200.429 0 2 0 0 0 0 14.3684 649551 201-no_name 
9750 7720 952 8.10924 0.00105042 200 200 0 2 0 0 0 0 8.10924 648455 200-no_name 
9775 7067 953 7.41553 0.00104932 200 200 0 2 0 0 0 0 7.41553 652894 200-no_name 
9800 7600 955 7.95812 0.00104712 201 201 0 2 0 0 0 0 7.95812 654145 201-no_name 
9825 6562 954 6.87841 0.00104822 200 200 0 2 0 0 0 0 6.87841 651394 200-no_name 
9850 4136 942 4.39066 0.00106157 199 199 0 2 0 0 0 0 4.39066 658860 199-no_name 
9875 11368 956 11.8912 0.00104603 200 200 0 2 0 0 0 0 11.8912 661599 200-no_name 
9900 11368 956 11.8912 0.00104603 200 200 0 2 0 0 0 0 11.8912 661599 200-no_name 
9925 11368 956 11.8912 0.00104603 200 200 0 2 0 0 0 0 11.8912 661599 200-no_name 
9950 10920 964 11.3278 0.00103734 200 200.714 0 2 0 0 0 0 11.3278 661344 200-no_name 
9975 10752 955 11.2586 0.00104712 200 200 0 2 0 0 0 0 11.2586 661991 200-no_name 
10000 8299 956 8.68096 0.00104603 200 200.6 0 3 0 0 0 0 8.68096 667039 200-aaapj 
