# Avida population female mate preference histogram
# Fri Oct 16 06:18:44 2015
#  1: Update
#  2: Random
#  3: Highest display A
#  4: Highest display B
#  5: Highest merit

0 10 10 0 0 
25 10 10 0 0 
50 10 10 0 0 
75 10 10 0 0 
100 10 10 0 0 
125 14 11 0 0 
150 26 21 0 0 
175 30 27 0 0 
200 30 29 0 0 
225 35 30 0 0 
250 57 47 0 0 
275 95 84 0 0 
300 122 118 0 0 
325 133 130 0 0 
350 174 153 0 0 
375 307 241 0 0 
400 477 410 0 0 
425 606 539 0 0 
450 894 745 0 0 
475 1021 792 0 0 
500 926 880 0 0 
525 976 821 0 0 
550 931 860 0 0 
575 880 925 0 0 
600 849 970 0 0 
625 867 947 0 0 
650 872 946 0 0 
675 836 976 0 0 
700 811 999 0 0 
725 787 1023 0 0 
750 761 1035 0 0 
775 717 1072 0 0 
800 679 1112 0 0 
825 681 1106 0 0 
850 669 1150 0 0 
875 640 1152 0 0 
900 659 1154 0 0 
925 647 1165 0 0 
950 665 1183 0 0 
975 613 1209 0 0 
1000 633 1188 0 0 
1025 620 1217 0 0 
1050 625 1214 0 0 
1075 597 1227 0 0 
1100 541 1279 0 0 
1125 543 1295 0 0 
1150 518 1310 0 0 
1175 506 1327 0 0 
1200 481 1319 0 0 
1225 436 1333 0 0 
1250 422 1365 0 0 
1275 403 1405 0 0 
1300 398 1408 0 0 
1325 393 1400 0 0 
1350 415 1392 0 0 
1375 405 1374 0 0 
1400 400 1369 0 0 
1425 412 1361 0 0 
1450 442 1371 0 0 
1475 454 1343 0 0 
1500 456 1323 0 0 
1525 494 1286 0 0 
1550 510 1289 0 0 
1575 542 1246 0 0 
1600 525 1234 0 0 
1625 520 1241 0 0 
1650 511 1247 0 0 
1675 517 1262 0 0 
1700 560 1216 0 0 
1725 569 1198 0 0 
1750 594 1210 0 0 
1775 597 1200 0 0 
1800 599 1198 0 0 
1825 612 1182 0 0 
1850 627 1181 0 0 
1875 647 1139 0 0 
1900 665 1141 0 0 
1925 668 1148 0 0 
1950 676 1109 0 0 
1975 698 1101 0 0 
2000 689 1094 0 0 
2025 696 1109 0 0 
2050 674 1112 0 0 
2075 702 1085 0 0 
2100 721 1098 0 0 
2125 692 1099 0 0 
2150 670 1124 0 0 
2175 683 1130 0 0 
2200 688 1113 0 0 
2225 713 1084 0 0 
2250 734 1081 0 0 
2275 753 1083 0 0 
2300 767 1061 0 0 
2325 805 1034 0 0 
2350 809 1012 0 0 
2375 755 1066 0 0 
2400 722 1071 0 0 
2425 728 1062 0 0 
2450 749 1040 0 0 
2475 763 1058 0 0 
2500 723 1044 0 0 
2525 728 1029 0 0 
2550 786 983 0 0 
2575 795 981 0 0 
2600 826 983 0 0 
2625 824 998 0 0 
2650 836 983 0 0 
2675 857 973 0 0 
2700 862 969 0 0 
2725 888 928 0 0 
2750 905 898 0 0 
2775 943 872 0 0 
2800 923 893 0 0 
2825 900 907 0 0 
2850 936 890 0 0 
2875 943 869 0 0 
2900 924 880 0 0 
2925 920 860 0 0 
2950 940 848 0 0 
2975 962 860 0 0 
3000 966 855 0 0 
3025 951 859 0 0 
3050 969 874 0 0 
3075 989 847 0 0 
3100 986 827 0 0 
3125 970 839 0 0 
3150 973 813 0 0 
3175 953 808 0 0 
3200 945 818 0 0 
3225 929 837 0 0 
3250 948 826 0 0 
3275 988 816 0 0 
3300 1004 801 0 0 
3325 1000 785 0 0 
3350 1047 771 0 0 
3375 1035 771 0 0 
3400 1065 758 0 0 
3425 1072 759 0 0 
3450 1043 773 0 0 
3475 1046 765 0 0 
3500 1028 774 0 0 
3525 1009 801 0 0 
3550 975 818 0 0 
3575 975 810 0 0 
3600 952 836 0 0 
3625 947 822 0 0 
3650 934 826 0 0 
3675 958 815 0 0 
3700 996 797 0 0 
3725 1030 798 0 0 
3750 1010 814 0 0 
3775 997 812 0 0 
3800 1003 831 0 0 
3825 1009 815 0 0 
3850 1003 834 0 0 
3875 959 873 0 0 
3900 977 830 0 0 
3925 964 839 0 0 
3950 942 875 0 0 
3975 934 886 0 0 
4000 954 868 0 0 
4025 929 861 0 0 
4050 949 855 0 0 
4075 947 825 0 0 
4100 948 858 0 0 
4125 965 825 0 0 
4150 969 843 0 0 
4175 978 837 0 0 
4200 1012 827 0 0 
4225 972 811 0 0 
4250 983 807 0 0 
4275 980 790 0 0 
4300 999 771 0 0 
4325 1019 761 0 0 
4350 1029 759 0 0 
4375 1036 743 0 0 
4400 1040 714 0 0 
4425 1063 737 0 0 
4450 1065 734 0 0 
4475 1085 713 0 0 
4500 1132 678 0 0 
4525 1124 664 0 0 
4550 1154 653 0 0 
4575 1140 667 0 0 
4600 1177 650 0 0 
4625 1149 654 0 0 
4650 1136 654 0 0 
4675 1141 672 0 0 
4700 1122 677 0 0 
4725 1120 690 0 0 
4750 1113 684 0 0 
4775 1113 699 0 0 
4800 1111 683 0 0 
4825 1152 693 0 0 
4850 1162 661 0 0 
4875 1149 671 0 0 
4900 1146 671 0 0 
4925 1161 660 0 0 
4950 1182 659 0 0 
4975 1200 619 0 0 
5000 1206 604 0 0 
5025 1207 598 0 0 
5050 1217 581 0 0 
5075 1259 591 0 0 
5100 1193 626 0 0 
5125 1190 647 0 0 
5150 1185 648 0 0 
5175 1201 637 0 0 
5200 1217 611 0 0 
5225 1230 594 0 0 
5250 1225 582 0 0 
5275 1226 587 0 0 
5300 1276 541 0 0 
5325 1257 556 0 0 
5350 1247 559 0 0 
5375 1227 570 0 0 
5400 1209 565 0 0 
5425 1227 522 0 0 
5450 1254 531 0 0 
5475 1265 511 0 0 
5500 1310 469 0 0 
5525 1339 460 0 0 
5550 1348 453 0 0 
5575 1350 467 0 0 
5600 1343 453 0 0 
5625 1383 421 0 0 
5650 1399 421 0 0 
5675 1409 410 0 0 
5700 1397 410 0 0 
5725 1402 385 0 0 
5750 1420 369 0 0 
5775 1420 374 0 0 
5800 1402 386 0 0 
5825 1400 386 0 0 
5850 1430 379 0 0 
5875 1453 370 0 0 
5900 1448 381 0 0 
5925 1444 366 0 0 
5950 1461 340 0 0 
5975 1485 348 0 0 
6000 1442 347 0 0 
6025 1470 323 0 0 
6050 1471 324 0 0 
6075 1471 321 0 0 
6100 1467 329 0 0 
6125 1435 347 0 0 
6150 1432 350 0 0 
6175 1428 352 0 0 
6200 1391 376 0 0 
6225 1419 373 0 0 
6250 1413 360 0 0 
6275 1440 334 0 0 
6300 1419 353 0 0 
6325 1431 349 0 0 
6350 1447 364 0 0 
6375 1426 379 0 0 
6400 1412 396 0 0 
6425 1406 405 0 0 
6450 1389 414 0 0 
6475 1364 437 0 0 
6500 1397 436 0 0 
6525 1359 434 0 0 
6550 1360 397 0 0 
6575 1400 395 0 0 
6600 1374 397 0 0 
6625 1402 398 0 0 
6650 1429 390 0 0 
6675 1440 378 0 0 
6700 1427 378 0 0 
6725 1410 380 0 0 
6750 1400 376 0 0 
6775 1433 371 0 0 
6800 1413 381 0 0 
6825 1420 378 0 0 
6850 1427 340 0 0 
6875 1432 364 0 0 
6900 1465 360 0 0 
6925 1463 321 0 0 
6950 1430 335 0 0 
6975 1466 328 0 0 
7000 1466 329 0 0 
7025 1466 351 0 0 
7050 1427 358 0 0 
7075 1426 359 0 0 
7100 1393 376 0 0 
7125 1393 376 0 0 
7150 1388 392 0 0 
7175 1378 406 0 0 
7200 1398 403 0 0 
7225 1408 391 0 0 
7250 1423 387 0 0 
7275 1419 376 0 0 
7300 1411 371 0 0 
7325 1427 371 0 0 
7350 1450 365 0 0 
7375 1451 357 0 0 
7400 1456 359 0 0 
7425 1439 357 0 0 
7450 1464 354 0 0 
7475 1470 367 0 0 
7500 1457 368 0 0 
7525 1444 384 0 0 
7550 1403 379 0 0 
7575 1363 433 0 0 
7600 1340 419 0 0 
7625 1353 405 0 0 
7650 1365 413 0 0 
7675 1348 440 0 0 
7700 1373 434 0 0 
7725 1359 446 0 0 
7750 1352 436 0 0 
7775 1328 452 0 0 
7800 1357 464 0 0 
7825 1352 452 0 0 
7850 1365 442 0 0 
7875 1365 448 0 0 
7900 1387 446 0 0 
7925 1396 435 0 0 
7950 1380 439 0 0 
7975 1356 464 0 0 
8000 1365 468 0 0 
8025 1366 464 0 0 
8050 1336 463 0 0 
8075 1352 461 0 0 
8100 1356 458 0 0 
8125 1353 457 0 0 
8150 1376 429 0 0 
8175 1389 430 0 0 
8200 1420 417 0 0 
8225 1372 425 0 0 
8250 1397 402 0 0 
8275 1417 382 0 0 
8300 1374 398 0 0 
8325 1365 408 0 0 
8350 1369 419 0 0 
8375 1366 404 0 0 
8400 1401 401 0 0 
8425 1420 401 0 0 
8450 1415 404 0 0 
8475 1391 425 0 0 
8500 1376 411 0 0 
8525 1406 391 0 0 
8550 1401 372 0 0 
8575 1420 378 0 0 
8600 1414 386 0 0 
8625 1410 388 0 0 
8650 1417 390 0 0 
8675 1409 358 0 0 
8700 1415 354 0 0 
8725 1430 352 0 0 
8750 1406 362 0 0 
8775 1437 370 0 0 
8800 1422 363 0 0 
8825 1409 369 0 0 
8850 1417 371 0 0 
8875 1395 396 0 0 
8900 1373 409 0 0 
8925 1350 414 0 0 
8950 1384 396 0 0 
8975 1377 416 0 0 
9000 1387 400 0 0 
9025 1384 421 0 0 
9050 1371 406 0 0 
9075 1403 390 0 0 
9100 1402 403 0 0 
9125 1422 430 0 0 
9150 1454 404 0 0 
9175 1434 409 0 0 
9200 1442 406 0 0 
9225 1429 402 0 0 
9250 1439 409 0 0 
9275 1416 413 0 0 
9300 1433 387 0 0 
9325 1446 383 0 0 
9350 1456 378 0 0 
9375 1459 354 0 0 
9400 1432 370 0 0 
9425 1411 389 0 0 
9450 1408 389 0 0 
9475 1422 388 0 0 
9500 1460 388 0 0 
9525 1479 369 0 0 
9550 1503 361 0 0 
9575 1473 361 0 0 
9600 1448 339 0 0 
9625 1450 340 0 0 
9650 1443 335 0 0 
9675 1432 340 0 0 
9700 1439 350 0 0 
9725 1480 341 0 0 
9750 1476 315 0 0 
9775 1470 297 0 0 
9800 1515 282 0 0 
9825 1533 265 0 0 
9850 1521 276 0 0 
9875 1514 264 0 0 
9900 1481 269 0 0 
9925 1485 260 0 0 
9950 1538 265 0 0 
9975 1519 293 0 0 
10000 1520 272 0 0 
