# Avida Average Data
# Fri Oct 16 05:43:15 2015
#  1: Update
#  2: Merit
#  3: Gestation Time
#  4: Fitness
#  5: Repro Rate?
#  6: (deprecated) Size
#  7: Copied Size
#  8: Executed Size
#  9: (deprecated) Abundance
# 10: Proportion of organisms that gave birth in this update
# 11: Proportion of Breed True Organisms
# 12: (deprecated) Genotype Depth
# 13: Generation
# 14: Neutral Metric
# 15: Lineage Label
# 16: True Replication Rate (based on births/update, time-averaged)

0 196.75 887.5 0 0 0 199.75 196.75 0 1 1 0 0 0 0 0 
25 196.75 887.5 0.0374525 0 0 199.75 196.75 0 0 0 0 0.15 -0.0036733 0 0 
50 196.75 887.5 0.224486 0 0 199.75 196.75 0 0 0 0 1.075 0.11165 0 0 
75 196.75 887.5 0.224486 0 0 199.75 196.75 0 0 0 0 2.025 0.000600061 0 0 
100 196.75 887.5 0.224486 0 0 199.75 196.75 0 0 0 0 2.9 0.125729 0 0 
125 196.75 864.769 0.230301 0 0 199.808 196.808 0 0 0 0 3.61538 0.0933362 0 0 
150 196.724 925.714 0.214738 0 0 199.714 196.673 0 0 0 0 4.42857 0.196838 0 0 
175 196.682 909.808 0.218714 0 0 199.646 196.631 0 0 0 0 5.32308 0.259339 0 0 
200 196.468 893.949 0.222528 0 0 199.638 196.457 0 0 0 0 6.21014 0.317851 0 0 
225 196.484 884.081 0.225064 0 0 199.649 196.486 0 0 0 0 6.92568 0.579584 0 0 
250 196.508 867.843 0.229248 0 0 199.686 196.548 0 0 0 0 8.10952 0.843718 0 0 
275 196.445 919.812 0.215933 0 0 199.688 196.401 0 0 0 0 8.94924 1.00136 0 0 
300 196.157 903.698 0.219696 0 0 199.645 196.145 0 0.00357143 0.00357143 0 9.69464 0.952123 0 0 
325 196.078 895.731 0.221769 0 0 199.626 196.125 0 0.042042 0.024024 0 10.4174 0.971512 0 0 
350 196.053 884.558 0.224539 0 0 199.638 196.098 0 0 0 0 11.3346 0.898574 0 0 
375 195.994 869.707 0.228335 0 0 199.662 196.133 0 0.00309119 0.00309119 0 12.5487 0.900246 0 0 
400 196.459 919.692 0.216338 0 0 199.655 196.015 0 0.0326036 0.0167676 0 13.2282 0.857876 0 0 
425 197.31 902.23 0.221544 0 0 199.66 195.767 0 0.0349259 0.0230643 0 13.8695 0.886498 0 0 
450 201.229 887.901 0.23221 0 0 199.649 195.672 0 0.00222222 0.00111111 0 14.7186 0.810245 0 0 
475 209.803 880.371 0.243584 0 0 199.654 195.527 0 0.0127778 0.00888889 0 15.8033 0.955365 0 0 
500 232.14 870.64 0.278116 0 0 199.656 195.267 0 0.035 0.0161111 0 16.9822 1.15585 0 0.0868449 
525 287.425 880.008 0.346653 0 0 199.671 194.941 0 0.0122222 0.00666667 0 18.3658 1.16822 0 0.0813859 
550 437.079 916.445 0.469363 0 0 199.662 194.613 0 0.0227778 0.0127778 0 19.9911 1.18535 0 0.0946853 
575 672.201 921.378 0.724673 0 0 199.634 194.185 0 0.0216667 0.015 0 22.0289 1.07588 0 0.112561 
600 945.284 918.701 1.02426 0 0 199.607 193.712 0 0.0188889 0.0122222 0 24.2411 1.03335 0 0.137889 
625 1219.68 917.494 1.32666 0 0 199.539 193.521 0 0.0155556 0.0105556 0 26.4169 0.968458 0 0.170298 
650 1416.65 918.124 1.5436 0 0 199.505 193.329 0 0.0188889 0.0105556 0 28.2839 0.98267 0 0.205448 
675 1588.85 916.898 1.73802 0 0 199.463 193.173 0 0.0183333 0.0105556 0 29.9311 0.979034 0 0.252602 
700 1704.36 918.881 1.86227 0 0 199.452 193.146 0 0.0172222 0.01 0 31.3192 1.01138 0 0.307345 
725 1809.75 917.372 1.98599 0 0 199.443 193.24 0 0.0255556 0.0122222 0 32.6486 1.00669 0 0.362427 
750 1898.36 919.614 2.07947 0 0 199.446 193.25 0 0.0261111 0.0188889 0 33.8364 0.936492 0 0.421756 
775 1956.05 921.784 2.1309 0 0 199.453 193.182 0 0.0194444 0.0133333 0 34.915 1.00732 0 0.482055 
800 2006.93 922.28 2.19902 0 0 199.434 193.294 0 0.0233333 0.0138889 0 35.9758 0.848594 0 0.543918 
825 2049.03 921.748 2.2566 0 0 199.429 193.372 0 0.0222222 0.0127778 0 37.0719 0.681276 0 0.611279 
850 2086.01 922.049 2.28932 0 0 199.388 193.69 0 0.0166667 0.0105556 0 37.7617 0.784657 0 0.680134 
875 2117.36 923.107 2.31667 0 0 199.389 193.596 0 0.0183333 0.00944444 0 38.61 0.738256 0 0.745812 
900 2143.64 919.867 2.35775 0 0 199.359 193.693 0 0.025 0.0144444 0 39.3797 0.678529 0 0.812309 
925 2172.24 920.131 2.39036 0 0 199.363 193.717 0 0.0244444 0.0133333 0 40.3122 0.590455 0 0.878971 
950 2183.46 920.55 2.39942 0 0 199.357 193.646 0 0.0227778 0.0116667 0 41.0092 0.495508 0 0.948754 
975 2212.42 921.53 2.43084 0 0 199.341 193.543 0 0.0161111 0.00666667 0 41.8256 0.437345 0 1.01934 
1000 2223.99 920.867 2.44557 0 0 199.355 193.758 0 0.0194444 0.0138889 0 42.7747 0.586966 0 1.08784 
1025 2225.99 920.426 2.44269 0 0 199.345 193.738 0 0.0244444 0.0144444 0 43.5836 0.522389 0 1.15746 
1050 2229.53 918.644 2.44663 0 0 199.371 193.58 0 0.0216667 0.0133333 0 44.3789 0.389782 0 1.21811 
1075 2247.41 920.725 2.47462 0 0 199.369 193.656 0 0.0227778 0.015 0 45.1808 0.51634 0 1.27751 
1100 2255.32 920.252 2.48021 0 0 199.365 193.691 0 0.0188889 0.0105556 0 46.1383 0.439276 0 1.33209 
1125 2272.53 918.729 2.50568 0 0 199.361 193.759 0 0.0244444 0.0161111 0 47.1442 0.564931 0 1.37181 
1150 2281.35 917.441 2.5169 0 0 199.362 193.846 0 0.0266667 0.015 0 47.9711 0.386609 0 1.40522 
1175 2279.43 917.697 2.51597 0 0 199.345 193.813 0 0.0183333 0.0133333 0 48.6753 0.304289 0 1.43099 
1200 2288.78 917.529 2.5243 0 0 199.346 193.854 0 0.0183333 0.0133333 0 49.6811 0.17189 0 1.45427 
1225 2301.22 916.516 2.54362 0 0 199.35 193.792 0 0.0205556 0.0144444 0 50.6589 0.161219 0 1.47692 
1250 2309.94 918.611 2.54047 0 0 199.364 193.752 0 0.0172222 0.0127778 0 51.615 0.116265 0 1.49253 
1275 2313.06 919.288 2.54373 0 0 199.357 193.686 0 0.02 0.01 0 52.4892 -0.150888 0 1.50422 
1300 2316.5 915.667 2.55849 0 0 199.348 193.609 0 0.0205556 0.0133333 0 53.2669 -0.0687955 0 1.51479 
1325 2311.33 917.064 2.55436 0 0 199.351 193.645 0 0.0266667 0.0172222 0 53.9383 -0.281221 0 1.52512 
1350 2320.72 917.016 2.56313 0 0 199.324 193.689 0 0.0205556 0.0116667 0 54.6847 -0.172572 0 1.52914 
1375 2333.72 916.417 2.57674 0 0 199.334 193.664 0 0.0222222 0.015 0 55.6192 -0.0818294 0 1.5339 
1400 2339.83 919.122 2.57 0 0 199.324 193.68 0 0.02 0.0105556 0 56.4381 -0.244653 0 1.5438 
1425 2347.3 916.759 2.5912 0 0 199.34 193.685 0 0.0211111 0.0155556 0 57.2911 -0.211573 0 1.55176 
1450 2353.23 916.517 2.59738 0 0 199.338 193.575 0 0.0161111 0.00888889 0 58.0608 -0.283484 0 1.55838 
1475 2355.16 918.191 2.59854 0 0 199.338 193.603 0 0.0183333 0.00888889 0 58.9072 0.0186578 0 1.5629 
1500 2363.47 916.336 2.60599 0 0 199.338 193.541 0 0.0283333 0.0166667 0 59.5461 0.0899223 0 1.56698 
1525 2369.78 917.439 2.61146 0 0 199.348 193.55 0 0.0177778 0.0105556 0 60.3683 -0.0504176 0 1.57311 
1550 2373.02 916.612 2.61886 0 0 199.337 193.554 0 0.0255556 0.0138889 0 61.1892 -0.286279 0 1.58012 
1575 2382.38 918.599 2.62512 0 0 199.353 193.647 0 0.0177778 0.0105556 0 62.0781 -0.2362 0 1.58575 
1600 2383.88 920.488 2.62019 0 0 199.379 193.664 0 0.0183333 0.00722222 0 62.8286 -0.100437 0 1.59024 
1625 2379.41 919.466 2.61309 0 0 199.382 193.672 0 0.015 0.00722222 0 63.8356 -0.155311 0 1.59795 
1650 2376.65 919.465 2.62076 0 0 199.377 193.525 0 0.0205556 0.0133333 0 64.8142 -0.0230021 0 1.6022 
1675 2380.31 918.638 2.62114 0 0 199.379 193.51 0 0.0244444 0.0183333 0 65.5239 0.00779019 0 1.60697 
1700 2390.96 915.748 2.64214 0 0 199.376 193.52 0 0.0227778 0.0122222 0 66.3214 0.0719945 0 1.60666 
1725 2389.92 913.776 2.64448 0 0 199.389 193.458 0 0.0233333 0.0144444 0 67.2017 -0.162735 0 1.60946 
1750 2400.06 914.43 2.65263 0 0 199.387 193.571 0 0.0155556 0.0105556 0 68.0422 -0.243231 0 1.61095 
1775 2393.63 916.31 2.63346 0 0 199.4 193.616 0 0.0255556 0.015 0 68.8058 -0.0568537 0 1.61234 
1800 2402.36 915.312 2.65176 0 0 199.375 193.523 0 0.0183333 0.00944444 0 69.6014 -0.059927 0 1.61527 
1825 2411.08 915.785 2.6623 0 0 199.383 193.483 0 0.0194444 0.0133333 0 70.2169 0.141539 0 1.61769 
1850 2419.42 914.252 2.67758 0 0 199.388 193.481 0 0.0211111 0.0116667 0 70.9381 0.0612008 0 1.62276 
1875 2433.65 914.019 2.69958 0 0 199.39 193.379 0 0.0233333 0.0133333 0 71.7708 -0.262721 0 1.628 
1900 2437.3 913.971 2.69602 0 0 199.385 193.38 0 0.0172222 0.0111111 0 72.5339 -0.225095 0 1.62922 
1925 2436.57 913.746 2.701 0 0 199.375 193.479 0 0.0205556 0.0105556 0 73.2922 0.0546291 0 1.632 
1950 2443.98 916.44 2.69252 0 0 199.383 193.408 0 0.0255556 0.0155556 0 73.9994 0.0599137 0 1.63414 
1975 2450.37 912.553 2.71543 0 0 199.398 193.475 0 0.0244444 0.0188889 0 74.9286 -0.0118262 0 1.63329 
2000 2463.14 915.609 2.72029 0 0 199.398 193.409 0 0.0227778 0.0122222 0 75.6675 0.100724 0 1.63646 
2025 2461.97 915.768 2.71572 0 0 199.387 193.252 0 0.0172222 0.0111111 0 76.5489 -0.0156858 0 1.63614 
2050 2471.72 916.751 2.71693 0 0 199.377 193.289 0 0.0222222 0.0127778 0 77.1211 0.0305707 0 1.64269 
2075 2481.02 916.617 2.73949 0 0 199.351 193.173 0 0.0172222 0.00722222 0 78.0092 -0.0587371 0 1.64642 
2100 2495.29 915.637 2.75496 0 0 199.337 193.096 0 0.0211111 0.0138889 0 78.9097 -0.101362 0 1.64654 
2125 2514.02 916.823 2.76678 0 0 199.35 193.226 0 0.0211111 0.015 0 79.9475 -0.522953 0 1.64911 
2150 2517.22 915.144 2.78026 0 0 199.328 193.228 0 0.0216667 0.0133333 0 80.7717 -0.597973 0 1.65399 
2175 2530.92 918.001 2.77733 0 0 199.343 193.201 0 0.0205556 0.0133333 0 81.5078 -0.692189 0 1.66444 
2200 2536.61 912.98 2.80527 0 0 199.338 193.132 0 0.015 0.0111111 0 82.2108 -0.608452 0 1.67304 
2225 2559.59 914.166 2.82342 0 0 199.353 193.21 0 0.0238889 0.0144444 0 83.0197 -0.993955 0 1.67693 
2250 2562.83 913.819 2.82826 0 0 199.358 193.162 0 0.02 0.0138889 0 83.7044 -1.12574 0 1.68057 
2275 2569.05 916.426 2.82611 0 0 199.359 193.072 0 0.0161111 0.01 0 84.6703 -1.19546 0 1.68869 
2300 2576.53 915.508 2.83462 0 0 199.357 193.087 0 0.0166667 0.0105556 0 85.3839 -1.30484 0 1.69905 
2325 2586.32 912.936 2.86248 0 0 199.375 193.114 0 0.0216667 0.0127778 0 86.4217 -1.53959 0 1.70407 
2350 2593.5 914.765 2.85949 0 0 199.379 193.139 0 0.0194444 0.0116667 0 87.2664 -1.62074 0 1.70991 
2375 2604.79 914.454 2.87995 0 0 199.36 192.985 0 0.0238889 0.0105556 0 88.4397 -1.97318 0 1.71942 
2400 2621.07 915.093 2.89324 0 0 199.343 192.998 0 0.0238889 0.0116667 0 89.1297 -1.70534 0 1.72723 
2425 2632.86 916.369 2.91311 0 0 199.354 193.166 0 0.0261111 0.015 0 89.9667 -1.51412 0 1.7351 
2450 2650.72 916.006 2.93071 0 0 199.356 193.198 0 0.0177778 0.0122222 0 90.8989 -1.64585 0 1.74437 
2475 2676.33 917.686 2.95258 0 0 199.37 193.259 0 0.0205556 0.0155556 0 91.5411 -1.52823 0 1.75916 
2500 2698.03 911.63 3.01059 0 0 199.376 193.357 0 0.0238889 0.0127778 0 92.3172 -1.6743 0 1.77112 
2525 2719.9 913.147 3.01892 0 0 199.388 193.334 0 0.0166667 0.0116667 0 93.0911 -1.72731 0 1.77707 
2550 2744.64 916.557 3.03218 0 0 199.434 193.384 0 0.0211111 0.0111111 0 93.9697 -1.78274 0 1.78451 
2575 2763.6 915.648 3.05507 0 0 199.46 193.257 0 0.0205556 0.01 0 94.7719 -1.48333 0 1.79337 
2600 2781.91 914.304 3.07674 0 0 199.459 193.33 0 0.0211111 0.0155556 0 95.5603 -1.33188 0 1.80379 
2625 2817.39 913.68 3.10964 0 0 199.441 193.208 0 0.0227778 0.0155556 0 96.3192 -1.03445 0 1.81467 
2650 2829.79 914.523 3.12117 0 0 199.427 193.083 0 0.0194444 0.015 0 97.1322 -1.32678 0 1.82811 
2675 2874.71 915.896 3.16181 0 0 199.428 193.173 0 0.015 0.00888889 0 98.1175 -1.29304 0 1.83912 
2700 2932.63 914.262 3.22995 0 0 199.425 193.14 0 0.0211111 0.0127778 0 98.8639 -1.37815 0 1.84874 
2725 2949.44 912.202 3.25623 0 0 199.435 193.115 0 0.015 0.00888889 0 99.6844 -1.18702 0 1.86591 
2750 2962.85 913.436 3.27148 0 0 199.443 193.213 0 0.0233333 0.0116667 0 100.46 -1.36196 0 1.88117 
2775 3004.04 912.832 3.32717 0 0 199.442 193.129 0 0.0222222 0.0144444 0 101.393 -1.57995 0 1.89263 
2800 3036.35 912.194 3.36141 0 0 199.446 193.171 0 0.02 0.0127778 0 102.045 -1.42788 0 1.90484 
2825 3084.06 913.813 3.4149 0 0 199.469 193.245 0 0.0227778 0.0144444 0 102.725 -1.44221 0 1.92363 
2850 3118.43 911.879 3.46662 0 0 199.473 193.22 0 0.0183333 0.00944444 0 103.606 -1.29025 0 1.94559 
2875 3154.59 911.287 3.50636 0 0 199.485 193.31 0 0.0161111 0.00888889 0 104.758 -1.41889 0 1.9617 
2900 3199.32 912.021 3.56337 0 0 199.5 193.268 0 0.0211111 0.0155556 0 105.523 -1.36336 0 1.97722 
2925 3247.81 911.549 3.63436 0 0 199.508 193.31 0 0.0172222 0.00888889 0 106.42 -1.52495 0 1.99503 
2950 3295.99 914.623 3.64218 0 0 199.511 193.44 0 0.0211111 0.0116667 0 107.226 -1.69549 0 2.01836 
2975 3343.54 912.729 3.71707 0 0 199.524 193.364 0 0.0233333 0.0144444 0 108.161 -1.96435 0 2.03326 
3000 3386.67 911.414 3.76333 0 0 199.541 193.28 0 0.0155556 0.01 0 108.994 -2.25227 0 2.05738 
3025 3433.62 912.472 3.80322 0 0 199.544 193.362 0 0.0194444 0.0116667 0 109.767 -2.49434 0 2.08257 
3050 3484.45 911.115 3.88971 0 0 199.539 193.376 0 0.0188889 0.0127778 0 110.682 -2.79113 0 2.10815 
3075 3520.31 911.578 3.91823 0 0 199.524 193.426 0 0.0172222 0.0116667 0 111.608 -2.66415 0 2.13517 
3100 3565.97 906.357 3.99924 0 0 199.537 193.442 0 0.0188889 0.0122222 0 112.574 -2.60879 0 2.15677 
3125 3631.03 907.313 4.06086 0 0 199.523 193.437 0 0.0211111 0.0111111 0 113.373 -2.51491 0 2.17693 
3150 3663.55 908.563 4.07298 0 0 199.538 193.535 0 0.0233333 0.0161111 0 114.12 -2.34573 0 2.2006 
3175 3709.04 907.262 4.13179 0 0 199.527 193.601 0 0.0194444 0.0133333 0 115.013 -2.28533 0 2.22316 
3200 3756.16 909.045 4.17764 0 0 199.534 193.567 0 0.0211111 0.0144444 0 115.957 -2.01126 0 2.2536 
3225 3821.67 905.881 4.25154 0 0 199.562 193.549 0 0.0172222 0.00888889 0 116.718 -1.71566 0 2.27575 
3250 3869.37 905.513 4.32118 0 0 199.566 193.566 0 0.0183333 0.0105556 0 117.423 -1.57589 0 2.30049 
3275 3910.76 908.327 4.35461 0 0 199.574 193.537 0 0.0177778 0.00777778 0 118.187 -1.53587 0 2.33089 
3300 3961.16 910.487 4.40488 0 0 199.571 193.546 0 0.0238889 0.0155556 0 119.166 -1.17567 0 2.36388 
3325 3997.89 910.054 4.46684 0 0 199.584 193.501 0 0.0216667 0.0138889 0 119.837 -1.38878 0 2.39353 
3350 4042.41 908.98 4.50657 0 0 199.572 193.495 0 0.0172222 0.0105556 0 120.764 -1.39095 0 2.42359 
3375 4107.18 908.95 4.59344 0 0 199.583 193.447 0 0.0222222 0.015 0 121.72 -1.33503 0 2.45591 
3400 4154.12 909.756 4.62473 0 0 199.607 193.485 0 0.0188889 0.0133333 0 122.637 -1.40554 0 2.49134 
3425 4234.36 909.301 4.72121 0 0 199.638 193.441 0 0.0205556 0.0138889 0 123.632 -1.26271 0 2.52636 
3450 4301.94 909.216 4.79796 0 0 199.656 193.39 0 0.0183333 0.0127778 0 124.667 -1.06918 0 2.55678 
3475 4357.55 908.544 4.84029 0 0 199.632 193.339 0 0.02 0.0122222 0 125.664 -0.694554 0 2.59724 
3500 4421.73 905.917 4.95035 0 0 199.664 193.376 0 0.0194444 0.0122222 0 126.461 -0.988603 0 2.62365 
3525 4452.84 907.597 4.96886 0 0 199.662 193.327 0 0.0233333 0.0161111 0 127.448 -0.546289 0 2.6601 
3550 4494.4 907.03 5.03921 0 0 199.67 193.32 0 0.0238889 0.0144444 0 128.423 -0.616497 0 2.68862 
3575 4541.9 907.588 5.05792 0 0 199.688 193.406 0 0.0211111 0.0144444 0 129.292 -0.7432 0 2.72537 
3600 4612.53 907.852 5.12056 0 0 199.687 193.351 0 0.0211111 0.0122222 0 130.239 -0.717072 0 2.76242 
3625 4664.36 906.754 5.19291 0 0 199.684 193.479 0 0.0183333 0.01 0 131.397 -0.462265 0 2.80234 
3650 4742.25 907.706 5.28886 0 0 199.673 193.494 0 0.0222222 0.0144444 0 132.358 -0.269856 0 2.83979 
3675 4773.44 909.008 5.32716 0 0 199.689 193.442 0 0.0161111 0.00777778 0 133.374 -0.429512 0 2.87801 
3700 4840.31 909.061 5.39915 0 0 199.696 193.53 0 0.0183333 0.0105556 0 134.246 -0.885379 0 2.91568 
3725 4837.28 908.758 5.39627 0 0 199.725 193.521 0 0.0177778 0.0138889 0 135.257 -0.628767 0 2.95811 
3750 4873.88 909.186 5.42225 0 0 199.746 193.608 0 0.0205556 0.0133333 0 136.154 -0.569911 0 3.00205 
3775 4922.96 908.608 5.48462 0 0 199.759 193.51 0 0.02 0.0127778 0 137.036 -0.536986 0 3.03566 
3800 4992.02 911.901 5.52343 0 0 199.772 193.533 0 0.0233333 0.0138889 0 137.681 -0.146131 0 3.06824 
3825 5055.9 912.232 5.59987 0 0 199.775 193.457 0 0.0155556 0.00888889 0 138.653 0.0710623 0 3.10701 
3850 5097.72 911.424 5.65846 0 0 199.78 193.459 0 0.0238889 0.0155556 0 139.711 0.24041 0 3.14441 
3875 5148.07 909.474 5.73985 0 0 199.794 193.546 0 0.0244444 0.0133333 0 140.851 0.381492 0 3.17998 
3900 5198.76 912.109 5.78085 0 0 199.781 193.444 0 0.015 0.00944444 0 141.716 0.55191 0 3.22378 
3925 5282.89 913.107 5.85441 0 0 199.787 193.492 0 0.025 0.0172222 0 142.671 0.495009 0 3.26253 
3950 5322.71 911.555 5.92655 0 0 199.777 193.377 0 0.0266667 0.0188889 0 143.693 0.197333 0 3.29473 
3975 5338.37 911.636 5.95287 0 0 199.769 193.292 0 0.0177778 0.0127778 0 144.766 0.542511 0 3.32863 
4000 5373.28 908.278 5.98782 0 0 199.774 193.351 0 0.0194444 0.00944444 0 145.634 0.281415 0 3.36347 
4025 5404.99 906.819 6.05215 0 0 199.774 193.458 0 0.0211111 0.0155556 0 146.803 0.244563 0 3.39319 
4050 5472.95 909.834 6.10195 0 0 199.772 193.377 0 0.0205556 0.0111111 0 148.074 0.576951 0 3.42834 
4075 5507.7 909.793 6.1314 0 0 199.792 193.587 0 0.0177778 0.0122222 0 149.311 0.432394 0 3.45579 
4100 5553.47 910.583 6.17659 0 0 199.794 193.474 0 0.0183333 0.01 0 150.545 0.627896 0 3.48738 
4125 5590 910.099 6.21884 0 0 199.761 193.475 0 0.0227778 0.0161111 0 151.541 0.675482 0 3.5177 
4150 5629.24 907.841 6.31249 0 0 199.746 193.437 0 0.0166667 0.0127778 0 152.673 0.530188 0 3.55206 
4175 5649.54 910.503 6.31525 0 0 199.747 193.453 0 0.0155556 0.01 0 153.65 0.37788 0 3.58374 
4200 5708.33 908.92 6.39476 0 0 199.749 193.394 0 0.0222222 0.0127778 0 154.71 0.0701825 0 3.61665 
4225 5736.06 907.271 6.4441 0 0 199.741 193.329 0 0.0238889 0.0166667 0 155.404 0.0457288 0 3.63897 
4250 5766.84 907.583 6.44983 0 0 199.741 193.329 0 0.0155556 0.00833333 0 156.516 0.167276 0 3.66525 
4275 5773.59 910.089 6.45795 0 0 199.721 193.337 0 0.0166667 0.0116667 0 157.696 0.202992 0 3.7008 
4300 5792.68 909.571 6.48542 0 0 199.716 193.445 0 0.0233333 0.0111111 0 158.726 0.444761 0 3.73274 
4325 5828.89 909.337 6.49059 0 0 199.684 193.355 0 0.0222222 0.0105556 0 159.786 0.0440507 0 3.7522 
4350 5903.98 910.335 6.55654 0 0 199.668 193.348 0 0.0233333 0.0116667 0 160.936 -0.0911481 0 3.77922 
4375 5951.72 910.481 6.62675 0 0 199.674 193.373 0 0.0227778 0.0116667 0 161.909 -0.400804 0 3.80924 
4400 5958.69 908.313 6.66193 0 0 199.67 193.394 0 0.0183333 0.00888889 0 162.797 -0.552008 0 3.83322 
4425 6011.22 909.761 6.71494 0 0 199.685 193.364 0 0.0227778 0.0133333 0 163.423 -0.928545 0 3.8536 
4450 6048.47 911.104 6.73223 0 0 199.678 193.343 0 0.0211111 0.0122222 0 164.437 -1.38771 0 3.88836 
4475 6093.04 909.146 6.84331 0 0 199.717 193.419 0 0.0161111 0.00833333 0 165.538 -1.428 0 3.90973 
4500 6159.01 909.281 6.89093 0 0 199.717 193.44 0 0.0166667 0.0111111 0 166.624 -1.42703 0 3.94624 
4525 6196.2 910.061 6.93268 0 0 199.726 193.441 0 0.0238889 0.0155556 0 167.714 -1.57583 0 3.9738 
4550 6251.52 910.241 6.96728 0 0 199.732 193.5 0 0.0233333 0.015 0 168.928 -1.52255 0 4.00794 
4575 6290.81 908.865 7.0259 0 0 199.733 193.407 0 0.0205556 0.015 0 170.006 -1.49464 0 4.03924 
4600 6292.94 910.782 7.02343 0 0 199.741 193.398 0 0.0222222 0.0122222 0 170.889 -1.3542 0 4.07357 
4625 6306.82 909.138 7.08728 0 0 199.734 193.421 0 0.0261111 0.0133333 0 172.18 -1.20968 0 4.10419 
4650 6406.64 909.592 7.16276 0 0 199.706 193.336 0 0.0177778 0.0138889 0 173.201 -1.02309 0 4.1376 
4675 6499.51 908.072 7.27416 0 0 199.699 193.435 0 0.0211111 0.0161111 0 174.239 -1.30704 0 4.15875 
4700 6485.39 907.023 7.27274 0 0 199.69 193.387 0 0.0172222 0.0116667 0 175.109 -1.30186 0 4.1793 
4725 6469.16 908.582 7.22372 0 0 199.698 193.45 0 0.0205556 0.01 0 176.021 -1.40377 0 4.21265 
4750 6534.66 909.982 7.27875 0 0 199.701 193.46 0 0.02 0.0116667 0 177.001 -2.03353 0 4.24339 
4775 6574.9 909.53 7.34678 0 0 199.699 193.487 0 0.0327778 0.0222222 0 177.96 -2.39064 0 4.2737 
4800 6597.07 908.059 7.38079 0 0 199.71 193.363 0 0.0116699 0.0055571 0 178.829 -2.58297 0 4.30841 
4825 6590.1 908.788 7.33829 0 0 199.707 193.32 0 0.0183333 0.00777778 0 179.988 -2.96184 0 4.34137 
4850 6683.2 907.22 7.47648 0 0 199.703 193.357 0 0.0183333 0.0116667 0 181.06 -2.8732 0 4.36345 
4875 6725.97 907.295 7.52098 0 0 199.708 193.389 0 0.0144444 0.00777778 0 181.93 -3.30021 0 4.38467 
4900 6772.78 907.072 7.59899 0 0 199.706 193.386 0 0.0133333 0.00833333 0 182.951 -3.25888 0 4.40224 
4925 6847.04 908.062 7.66341 0 0 199.729 193.414 0 0.02 0.0155556 0 184.015 -3.72402 0 4.43883 
4950 6865.77 905.798 7.74251 0 0 199.72 193.389 0 0.0177778 0.0105556 0 184.861 -3.89659 0 4.44829 
4975 6870.77 908.715 7.67885 0 0 199.702 193.402 0 0.0233333 0.0144444 0 185.709 -3.73028 0 4.48135 
5000 6914.73 906.254 7.72755 0 0 199.698 193.329 0 0.0205556 0.0144444 0 186.626 -3.38233 0 4.49422 
5025 6962.19 905.791 7.78277 0 0 199.699 193.327 0 0.0133333 0.00666667 0 187.687 -3.67228 0 4.51774 
5050 7026.87 906.202 7.82985 0 0 199.703 193.326 0 0.0172222 0.01 0 188.583 -3.37159 0 4.53846 
5075 7084.8 909.6 7.87407 0 0 199.694 193.366 0 0.0255556 0.0166667 0 189.426 -3.1581 0 4.56688 
5100 7100.55 908.253 7.95891 0 0 199.682 193.218 0 0.0166667 0.0105556 0 190.223 -3.30597 0 4.59091 
5125 7160.23 913.593 7.95179 0 0 199.701 193.379 0 0.0261111 0.0166667 0 191.212 -3.00575 0 4.63056 
5150 7173.58 910.548 8.02853 0 0 199.667 193.378 0 0.0177778 0.0138889 0 192.307 -3.01483 0 4.65312 
5175 7233.42 909.376 8.09382 0 0 199.691 193.349 0 0.0211111 0.0155556 0 193.171 -2.69109 0 4.68469 
5200 7298.84 906.846 8.14797 0 0 199.696 193.309 0 0.0205556 0.0133333 0 193.924 -2.85438 0 4.72031 
5225 7323.19 907.558 8.20405 0 0 199.691 193.288 0 0.025 0.0155556 0 195.086 -2.67712 0 4.74128 
5250 7380.36 907.098 8.24604 0 0 199.694 193.379 0 0.0194444 0.0105556 0 195.944 -2.70632 0 4.77626 
5275 7375.06 906.979 8.27337 0 0 199.676 193.301 0 0.0227778 0.0155556 0 196.816 -2.62768 0 4.79521 
5300 7393.52 908.443 8.29411 0 0 199.664 193.345 0 0.0166667 0.00833333 0 197.969 -2.42403 0 4.826 
5325 7432.11 907.576 8.34882 0 0 199.68 193.376 0 0.0144444 0.01 0 198.992 -2.45779 0 4.85883 
5350 7477.64 906.312 8.35312 0 0 199.682 193.349 0 0.0183333 0.0116667 0 199.919 -2.48982 0 4.8915 
5375 7508.02 905.099 8.41402 0 0 199.683 193.456 0 0.0216667 0.0144444 0 201.147 -2.57922 0 4.91835 
5400 7594.95 906.469 8.51377 0 0 199.69 193.439 0 0.0233333 0.0155556 0 202.086 -2.74799 0 4.95311 
5425 7598.52 906.53 8.53059 0 0 199.673 193.426 0 0.0222222 0.0122222 0 203.316 -2.7713 0 4.98283 
5450 7622.51 907.062 8.55046 0 0 199.671 193.442 0 0.0227778 0.0133333 0 204.207 -2.85282 0 5.01987 
5475 7675.41 909.221 8.56849 0 0 199.697 193.495 0 0.0188889 0.0116667 0 205.419 -2.71084 0 5.05966 
5500 7696.4 908.731 8.63652 0 0 199.697 193.487 0 0.0183333 0.0111111 0 206.449 -2.76299 0 5.108 
5525 7698.68 908.206 8.65667 0 0 199.667 193.512 0 0.0227778 0.0116667 0 207.208 -2.95227 0 5.14835 
5550 7754.37 909.023 8.69682 0 0 199.651 193.496 0 0.0255556 0.0155556 0 208.507 -2.94332 0 5.18908 
5575 7805.89 906.622 8.78153 0 0 199.663 193.581 0 0.0227778 0.0127778 0 209.222 -3.21199 0 5.21425 
5600 7792.6 907.516 8.73445 0 0 199.664 193.524 0 0.0183333 0.0122222 0 210.131 -3.38125 0 5.24547 
5625 7777.63 906.11 8.71944 0 0 199.658 193.458 0 0.0227778 0.0172222 0 210.743 -3.62918 0 5.25476 
5650 7825.04 903.367 8.80736 0 0 199.671 193.486 0 0.0194444 0.0144444 0 211.52 -3.75686 0 5.27733 
5675 7887.13 901.515 8.94112 0 0 199.681 193.573 0 0.0216667 0.015 0 212.444 -3.72188 0 5.29119 
5700 7925.72 904.587 8.93126 0 0 199.674 193.479 0 0.0183333 0.00888889 0 213.139 -3.61211 0 5.30399 
5725 7902.55 907.098 8.87055 0 0 199.681 193.476 0 0.0266667 0.0177778 0 214.023 -3.0933 0 5.33255 
5750 7892.6 909.099 8.82846 0 0 199.682 193.396 0 0.0194444 0.0122222 0 214.982 -3.07361 0 5.356 
5775 7924.98 905.784 8.9105 0 0 199.689 193.402 0 0.0238889 0.0177778 0 215.782 -3.29269 0 5.37232 
5800 7901.84 908.149 8.85912 0 0 199.683 193.491 0 0.0183333 0.0111111 0 216.755 -3.26211 0 5.38721 
5825 7895.91 908.037 8.82249 0 0 199.689 193.456 0 0.0172222 0.00888889 0 217.761 -3.37638 0 5.40142 
5850 7933.4 909.907 8.83191 0 0 199.714 193.538 0 0.0133333 0.00888889 0 218.43 -3.14583 0 5.42257 
5875 7958.26 911.643 8.85149 0 0 199.688 193.536 0 0.0244444 0.0111111 0 219.5 -2.95911 0 5.45391 
5900 7973.93 911.047 8.90315 0 0 199.673 193.48 0 0.0211111 0.0105556 0 220.287 -3.0712 0 5.47805 
5925 8015.06 912.482 8.91405 0 0 199.658 193.445 0 0.0211111 0.0138889 0 221.175 -2.73349 0 5.50347 
5950 8011.83 910.082 8.94597 0 0 199.661 193.469 0 0.0211111 0.0161111 0 222.137 -2.12034 0 5.52307 
5975 8029.19 910.051 8.94105 0 0 199.672 193.456 0 0.0244444 0.0133333 0 222.803 -2.18865 0 5.52812 
6000 8027.19 909.179 8.95828 0 0 199.658 193.416 0 0.0205556 0.0138889 0 223.671 -1.59675 0 5.52832 
6025 8033.21 908.541 8.99813 0 0 199.675 193.571 0 0.025 0.0177778 0 224.632 -1.59085 0 5.5367 
6050 8056.49 904.952 9.03493 0 0 199.674 193.656 0 0.0177778 0.0133333 0 225.922 -1.9371 0 5.53305 
6075 8031.06 903.102 8.99739 0 0 199.692 193.568 0 0.015 0.00388889 0 226.742 -1.94971 0 5.52898 
6100 8088.32 904.335 9.0704 0 0 199.715 193.693 0 0.0172222 0.0105556 0 227.763 -2.0353 0 5.52738 
6125 8078.81 904.851 9.06507 0 0 199.721 193.787 0 0.0166667 0.01 0 228.785 -1.93809 0 5.54097 
6150 8129.82 906.031 9.11055 0 0 199.727 193.748 0 0.0177778 0.0105556 0 229.876 -1.91461 0 5.54531 
6175 8163.14 907.839 9.10541 0 0 199.733 193.767 0 0.0188889 0.0116667 0 230.893 -1.98331 0 5.57147 
6200 8188.72 903.367 9.22452 0 0 199.723 193.773 0 0.0166667 0.0105556 0 231.674 -2.12742 0 5.58426 
6225 8187.15 904.794 9.17546 0 0 199.718 193.745 0 0.0183333 0.00944444 0 232.559 -1.80168 0 5.58693 
6250 8218.13 904.023 9.20038 0 0 199.717 193.775 0 0.0138889 0.00944444 0 233.482 -1.72969 0 5.58253 
6275 8209.54 902.533 9.22499 0 0 199.698 193.806 0 0.0177778 0.0127778 0 234.462 -1.5754 0 5.58947 
6300 8215.07 905.295 9.21967 0 0 199.696 193.813 0 0.025 0.0172222 0 235.154 -1.41655 0 5.59313 
6325 8186.38 905.501 9.15204 0 0 199.711 193.813 0 0.0177778 0.0111111 0 236.169 -1.10856 0 5.60583 
6350 8189.35 905.707 9.17575 0 0 199.726 193.947 0 0.0205556 0.0127778 0 236.885 -1.30945 0 5.6119 
6375 8239.37 904.545 9.24403 0 0 199.733 193.975 0 0.0222222 0.0155556 0 237.609 -1.61892 0 5.60099 
6400 8261.63 904.916 9.27755 0 0 199.727 193.972 0 0.0205556 0.0111111 0 238.689 -1.7523 0 5.60457 
6425 8311.67 906.453 9.31526 0 0 199.723 193.958 0 0.025 0.0127778 0 239.564 -1.98707 0 5.59684 
6450 8280.19 906.926 9.25036 0 0 199.744 194.032 0 0.0172222 0.00777778 0 240.609 -1.78187 0 5.60771 
6475 8294.08 905.987 9.28881 0 0 199.725 194.02 0 0.02 0.0133333 0 241.259 -1.86978 0 5.60849 
6500 8363.31 907.036 9.34175 0 0 199.73 194.065 0 0.0211111 0.015 0 242.317 -1.73244 0 5.61378 
6525 8386.19 906.883 9.35961 0 0 199.723 194.046 0 0.0188889 0.00833333 0 243.059 -1.93228 0 5.63006 
6550 8440.5 905.871 9.42016 0 0 199.729 194.029 0 0.0211111 0.0122222 0 243.863 -2.0027 0 5.63656 
6575 8477.02 907.241 9.4998 0 0 199.735 194.022 0 0.0205556 0.0122222 0 244.52 -2.34235 0 5.66719 
6600 8497.53 907.824 9.51215 0 0 199.756 194.102 0 0.02 0.0127778 0 245.401 -2.0682 0 5.69221 
6625 8552.11 906.007 9.59317 0 0 199.767 194.151 0 0.0166667 0.0111111 0 246.214 -2.03115 0 5.70366 
6650 8556.38 905.628 9.59252 0 0 199.787 194.042 0 0.0255556 0.0144444 0 247.141 -2.44957 0 5.7184 
6675 8600.83 906.098 9.63944 0 0 199.791 194.083 0 0.0283333 0.0166667 0 248.156 -2.58406 0 5.73122 
6700 8563.75 906.977 9.63573 0 0 199.784 194.111 0 0.0238889 0.01 0 248.963 -3.07718 0 5.75638 
6725 8538.22 906.016 9.60989 0 0 199.78 194.14 0 0.0288889 0.0155556 0 249.597 -3.22199 0 5.78252 
6750 8549.28 906.395 9.60725 0 0 199.792 194.122 0 0.0222222 0.0138889 0 250.473 -3.16079 0 5.80501 
6775 8586.63 904.438 9.65015 0 0 199.782 194.173 0 0.0205556 0.0127778 0 251.433 -3.15871 0 5.8241 
6800 8590.28 905.914 9.60908 0 0 199.783 194.151 0 0.0155556 0.01 0 252.168 -2.87665 0 5.8437 
6825 8610.12 905.355 9.61982 0 0 199.784 194.2 0 0.02 0.0122222 0 253.378 -2.56931 0 5.85694 
6850 8627.44 905.842 9.64482 0 0 199.787 194.229 0 0.0205556 0.015 0 254.172 -2.38124 0 5.86609 
6875 8659.6 903.772 9.70372 0 0 199.76 194.256 0 0.0227778 0.0138889 0 254.986 -2.11224 0 5.8896 
6900 8670.08 903.536 9.73438 0 0 199.743 194.226 0 0.0183333 0.0133333 0 255.927 -1.7163 0 5.89529 
6925 8679.4 904.429 9.71249 0 0 199.757 194.243 0 0.0244444 0.0155556 0 256.837 -1.74199 0 5.90951 
6950 8658.14 904.359 9.7146 0 0 199.761 194.343 0 0.0233333 0.0133333 0 257.743 -1.52704 0 5.9106 
6975 8703.09 904.104 9.77217 0 0 199.751 194.316 0 0.0211111 0.0111111 0 258.825 -0.569015 0 5.92565 
7000 8719.11 906.592 9.7351 0 0 199.751 194.387 0 0.0155556 0.0105556 0 259.926 -0.771606 0 5.95183 
7025 8763.14 906.627 9.7919 0 0 199.743 194.359 0 0.0205556 0.0127778 0 260.764 -0.770564 0 5.9519 
7050 8680.86 906.81 9.734 0 0 199.759 194.457 0 0.0183333 0.0116667 0 261.923 -0.378437 0 5.98065 
7075 8674.55 907.5 9.68987 0 0 199.789 194.402 0 0.0166667 0.0105556 0 262.905 -0.41934 0 5.98654 
7100 8704.69 907.174 9.66945 0 0 199.799 194.373 0 0.0172222 0.00888889 0 263.685 -0.483065 0 5.99321 
7125 8702.75 905.071 9.72439 0 0 199.786 194.246 0 0.0188941 0.0105585 0 264.414 -0.335666 0 5.99702 
7150 8692.9 907.056 9.71309 0 0 199.782 194.315 0 0.0161111 0.0111111 0 265.216 -0.47182 0 6.00836 
7175 8673.12 907.579 9.69033 0 0 199.796 194.377 0 0.0161111 0.00722222 0 266.261 -0.535789 0 6.0132 
7200 8729.39 906.617 9.73733 0 0 199.822 194.359 0 0.0177778 0.0111111 0 267.195 -0.896988 0 6.01457 
7225 8736.83 907.932 9.71465 0 0 199.834 194.323 0 0.0205556 0.0144444 0 267.99 -0.565428 0 6.02034 
7250 8762.43 905.106 9.7888 0 0 199.831 194.394 0 0.0222222 0.0133333 0 268.613 -0.975003 0 6.01128 
7275 8806.13 907.28 9.83191 0 0 199.818 194.303 0 0.0227778 0.0183333 0 269.443 -0.960939 0 6.02786 
7300 8866.27 906.234 9.88087 0 0 199.822 194.228 0 0.02 0.0144444 0 270.012 -1.79878 0 6.02256 
7325 8903.15 902.934 9.97108 0 0 199.847 194.249 0 0.0216667 0.0155556 0 270.869 -1.83307 0 6.01949 
7350 8868.69 904.277 9.92845 0 0 199.874 194.301 0 0.0205556 0.0155556 0 271.779 -1.95098 0 6.02641 
7375 8875.52 903.8 9.96294 0 0 199.874 194.288 0 0.0205613 0.0116699 0 273.064 -1.64144 0 6.03339 
7400 8988.31 905.729 10.0428 0 0 199.886 194.367 0 0.0216667 0.0161111 0 273.896 -2.31174 0 6.04256 
7425 9024.26 903.492 10.1345 0 0 199.879 194.401 0 0.0261111 0.015 0 274.507 -2.68695 0 6.04974 
7450 9046.38 904.99 10.0963 0 0 199.9 194.411 0 0.0194444 0.0105556 0 275.587 -2.89288 0 6.07706 
7475 9067.14 903.461 10.1729 0 0 199.878 194.391 0 0.0194444 0.01 0 276.637 -3.11372 0 6.08296 
7500 9121.76 903.309 10.26 0 0 199.887 194.41 0 0.0211111 0.0105556 0 277.447 -2.8286 0 6.07089 
7525 9098.31 903.063 10.1722 0 0 199.88 194.354 0 0.0161111 0.00722222 0 278.266 -2.94555 0 6.08114 
7550 9186.24 907.584 10.2367 0 0 199.894 194.32 0 0.02 0.0166667 0 279.078 -3.13639 0 6.08921 
7575 9233.16 906.342 10.3059 0 0 199.886 194.362 0 0.0183333 0.0122222 0 279.766 -2.89198 0 6.10419 
7600 9193.3 906.397 10.2587 0 0 199.896 194.383 0 0.015 0.00722222 0 280.605 -3.13876 0 6.10965 
7625 9234.89 906.335 10.298 0 0 199.912 194.382 0 0.0177778 0.01 0 281.149 -3.48714 0 6.1249 
7650 9280.32 906.768 10.3872 0 0 199.908 194.401 0 0.02 0.0122222 0 281.984 -3.45252 0 6.13504 
7675 9308.42 908.527 10.3699 0 0 199.895 194.365 0 0.0188889 0.0127778 0 282.563 -4.2492 0 6.16222 
7700 9324.48 906.947 10.4628 0 0 199.908 194.349 0 0.0222222 0.015 0 283.482 -4.14465 0 6.17886 
7725 9329.08 908.407 10.3929 0 0 199.904 194.327 0 0.0183333 0.00944444 0 284.359 -3.83735 0 6.21015 
7750 9333.15 906.544 10.4662 0 0 199.901 194.356 0 0.0188889 0.0111111 0 285.011 -3.83269 0 6.23119 
7775 9279.55 908.717 10.3167 0 0 199.907 194.359 0 0.0216667 0.0127778 0 286.031 -3.98669 0 6.25973 
7800 9327.69 905.496 10.4274 0 0 199.917 194.313 0 0.0272222 0.0166667 0 286.88 -3.70542 0 6.26666 
7825 9366.66 907.69 10.4617 0 0 199.938 194.361 0 0.0183333 0.0111111 0 287.779 -3.7144 0 6.29733 
7850 9475.99 908.543 10.5909 0 0 199.939 194.327 0 0.0261111 0.0127778 0 288.545 -3.7509 0 6.33045 
7875 9508.43 907.832 10.6138 0 0 199.954 194.444 0 0.0211111 0.0144444 0 289.482 -4.16885 0 6.3649 
7900 9600.71 907.548 10.7028 0 0 199.957 194.441 0 0.0305556 0.0188889 0 290.621 -4.11836 0 6.39777 
7925 9662.98 906.883 10.7606 0 0 199.957 194.411 0 0.0222222 0.0127778 0 291.49 -3.92688 0 6.42575 
7950 9718.02 905.577 10.8545 0 0 199.968 194.409 0 0.0227778 0.0138889 0 292.458 -3.79012 0 6.43979 
7975 9758.9 905.648 10.9177 0 0 199.966 194.477 0 0.025 0.0166667 0 293.227 -4.30871 0 6.46965 
8000 9790.6 905.086 10.9749 0 0 199.964 194.479 0 0.0227778 0.0133333 0 294.104 -4.25306 0 6.50002 
8025 9816.13 905.48 11.0128 0 0 199.984 194.505 0 0.0294444 0.0183333 0 295.222 -4.24148 0 6.52634 
8050 9875.62 905.813 11.0855 0 0 200.001 194.426 0 0.0266667 0.0155556 0 295.971 -4.33189 0 6.53631 
8075 10017.7 905.951 11.2266 0 0 200.011 194.518 0 0.0166667 0.0111111 0 296.996 -4.11267 0 6.56118 
8100 10092.7 906.831 11.2745 0 0 200.009 194.562 0 0.0216667 0.0161111 0 297.856 -4.33384 0 6.6094 
8125 10086.8 906.572 11.2581 0 0 200.004 194.582 0 0.0261111 0.0155556 0 298.629 -4.90167 0 6.65379 
8150 10177.9 905.337 11.4389 0 0 200.032 194.561 0 0.0227778 0.0122222 0 299.494 -4.78523 0 6.68185 
8175 10242.3 905.773 11.4991 0 0 200.053 194.636 0 0.0233333 0.0127778 0 300.589 -4.71211 0 6.70675 
8200 10297 906.537 11.553 0 0 200.06 194.628 0 0.0194444 0.0111111 0 301.296 -4.97809 0 6.74632 
8225 10410.1 907.493 11.6461 0 0 200.061 194.623 0 0.0205556 0.0127778 0 302.327 -4.51569 0 6.773 
8250 10441.3 905.654 11.7176 0 0 200.061 194.614 0 0.0177778 0.0111111 0 303.37 -4.73465 0 6.82531 
8275 10512.6 904.639 11.8206 0 0 200.07 194.614 0 0.0255556 0.015 0 304.262 -5.46369 0 6.84705 
8300 10616 904.982 11.8901 0 0 200.091 194.64 0 0.025 0.0138889 0 305.143 -5.8289 0 6.90551 
8325 10613.3 906.246 11.8678 0 0 200.106 194.668 0 0.0172222 0.01 0 306.03 -5.61643 0 6.94463 
8350 10735 904.119 12.0964 0 0 200.123 194.615 0 0.0188889 0.0116667 0 307.25 -5.51022 0 6.95552 
8375 10764.4 905.766 12.0874 0 0 200.133 194.558 0 0.0155556 0.00888889 0 308.197 -5.32391 0 6.98565 
8400 10825.2 907.329 12.0518 0 0 200.115 194.591 0 0.0183333 0.0111111 0 309.288 -5.02697 0 7.03185 
8425 10776.9 905.82 12.0379 0 0 200.107 194.555 0 0.0161111 0.0116667 0 310.23 -5.06851 0 7.06231 
8450 10767.5 906.35 12.0227 0 0 200.138 194.567 0 0.0155556 0.0111111 0 311.142 -5.69934 0 7.09721 
8475 10838.7 906.441 12.1278 0 0 200.136 194.552 0 0.0172222 0.0116667 0 312.013 -6.42398 0 7.13008 
8500 10840.6 905.179 12.1495 0 0 200.131 194.568 0 0.0211111 0.0133333 0 312.868 -6.62489 0 7.16854 
8525 10878.8 906.085 12.2236 0 0 200.127 194.523 0 0.0188889 0.0116667 0 313.822 -6.46455 0 7.2027 
8550 10906 908.638 12.1741 0 0 200.134 194.501 0 0.0233333 0.0138889 0 314.921 -6.26536 0 7.25722 
8575 10890.2 907.893 12.2186 0 0 200.121 194.57 0 0.0222222 0.0127778 0 315.954 -5.94543 0 7.29855 
8600 10971.6 906.946 12.2649 0 0 200.13 194.582 0 0.0266667 0.0144444 0 316.764 -5.99817 0 7.31185 
8625 11022 907.965 12.2972 0 0 200.135 194.575 0 0.0188889 0.0116667 0 317.702 -5.84991 0 7.34536 
8650 10963.3 908.471 12.2229 0 0 200.142 194.568 0 0.0233333 0.0155556 0 318.747 -5.80436 0 7.39258 
8675 11055.9 908.442 12.3423 0 0 200.141 194.474 0 0.0233333 0.0133333 0 319.624 -6.19064 0 7.41488 
8700 11057.8 908.983 12.3403 0 0 200.154 194.554 0 0.0138889 0.00833333 0 320.455 -6.25175 0 7.4391 
8725 11104.6 908.305 12.3993 0 0 200.176 194.574 0 0.0205556 0.01 0 321.52 -6.39142 0 7.46079 
8750 11176.5 906.289 12.4934 0 0 200.181 194.566 0 0.0227778 0.0127778 0 322.487 -6.02793 0 7.46454 
8775 11143.8 907.337 12.443 0 0 200.211 194.592 0 0.0205556 0.0144444 0 323.304 -6.55454 0 7.49675 
8800 11169.8 907.437 12.4315 0 0 200.213 194.549 0 0.0161111 0.00888889 0 324.021 -6.7404 0 7.51391 
8825 11141.1 907.76 12.4222 0 0 200.214 194.48 0 0.0161111 0.00833333 0 324.876 -6.54827 0 7.52975 
8850 11227.8 907.316 12.5528 0 0 200.229 194.573 0 0.0255556 0.0127778 0 326.144 -6.76753 0 7.56654 
8875 11276.3 908.909 12.588 0 0 200.238 194.615 0 0.0138889 0.00888889 0 326.79 -6.51083 0 7.58454 
8900 11223.3 910.444 12.5249 0 0 200.237 194.632 0 0.0172222 0.00888889 0 327.558 -6.49323 0 7.5962 
8925 11185.9 910.536 12.4684 0 0 200.244 194.493 0 0.0177778 0.0111111 0 328.583 -6.57907 0 7.62567 
8950 11299.7 910.059 12.6169 0 0 200.261 194.466 0 0.0261111 0.0172222 0 329.509 -6.67843 0 7.64949 
8975 11253.2 907.4 12.5858 0 0 200.263 194.618 0 0.02 0.0122222 0 330.512 -6.73939 0 7.67268 
9000 11264.5 907.997 12.5258 0 0 200.258 194.679 0 0.0205556 0.0116667 0 331.456 -6.73272 0 7.69234 
9025 11236.2 907.02 12.5527 0 0 200.251 194.612 0 0.0216667 0.0138889 0 332.411 -6.82995 0 7.70643 
9050 11090.5 907.696 12.3444 0 0 200.239 194.558 0 0.0277778 0.0166667 0 333.519 -6.62555 0 7.70294 
9075 11099.9 909.144 12.2971 0 0 200.266 194.551 0 0.0194444 0.0133333 0 334.206 -6.43609 0 7.7123 
9100 11145.9 908.085 12.4143 0 0 200.284 194.602 0 0.0194444 0.0127778 0 335.088 -6.22013 0 7.71923 
9125 11112.2 908.333 12.3335 0 0 200.277 194.566 0 0.0183333 0.0122222 0 335.906 -6.47588 0 7.71644 
9150 11060.6 906.7 12.3616 0 0 200.287 194.513 0 0.0211111 0.0133333 0 336.617 -7.15826 0 7.70042 
9175 11124.7 906.402 12.4078 0 0 200.316 194.515 0 0.0161111 0.00944444 0 337.447 -6.7658 0 7.69047 
9200 11156.3 907.767 12.4151 0 0 200.314 194.544 0 0.0238889 0.0144444 0 338.384 -6.77253 0 7.68515 
9225 11123.7 906.996 12.3887 0 0 200.336 194.673 0 0.025 0.0166667 0 339.189 -6.63498 0 7.67066 
9250 11158.3 908.427 12.4219 0 0 200.353 194.752 0 0.02 0.0122222 0 339.996 -6.93224 0 7.68094 
9275 11133.9 908.846 12.3578 0 0 200.357 194.814 0 0.0283333 0.0177778 0 340.806 -6.70295 0 7.67386 
9300 11083.5 908.056 12.3369 0 0 200.364 194.808 0 0.0194444 0.0111111 0 341.813 -6.45739 0 7.67192 
9325 11151.6 909.379 12.4142 0 0 200.364 194.79 0 0.0188889 0.0127778 0 342.532 -6.26001 0 7.67314 
9350 11216.4 908.514 12.4907 0 0 200.379 194.758 0 0.025 0.0166667 0 343.276 -6.06813 0 7.67275 
9375 11270.9 909.117 12.5548 0 0 200.382 194.871 0 0.0205556 0.0138889 0 344.33 -6.34019 0 7.68329 
9400 11253.3 908.363 12.5481 0 0 200.36 194.803 0 0.0188889 0.0133333 0 345.159 -6.62493 0 7.66283 
9425 11294 910.343 12.566 0 0 200.369 194.752 0 0.0211111 0.0116667 0 345.974 -6.19393 0 7.66545 
9450 11345 909.281 12.6127 0 0 200.383 194.81 0 0.0205556 0.015 0 347.029 -6.39159 0 7.66207 
9475 11345.4 909.567 12.5933 0 0 200.398 194.824 0 0.0222222 0.0161111 0 347.893 -6.50757 0 7.66344 
9500 11298.1 909.735 12.5442 0 0 200.396 194.892 0 0.0188889 0.0105556 0 348.894 -5.99546 0 7.66576 
9525 11351.6 907.979 12.6317 0 0 200.418 194.941 0 0.0194444 0.0122222 0 349.721 -5.91269 0 7.67529 
9550 11362.2 909.861 12.6739 0 0 200.451 194.94 0 0.02 0.0116667 0 350.658 -6.32438 0 7.69388 
9575 11353.9 910.842 12.6574 0 0 200.46 194.817 0 0.0227778 0.015 0 351.629 -6.09522 0 7.69137 
9600 11363.6 911.202 12.6281 0 0 200.468 194.795 0 0.0194444 0.0111111 0 352.464 -5.93053 0 7.71263 
9625 11395.2 910.179 12.7137 0 0 200.468 194.851 0 0.0166667 0.0122222 0 353.413 -5.63897 0 7.73452 
9650 11484.4 909.006 12.8521 0 0 200.481 194.898 0 0.0183333 0.0111111 0 354.317 -5.62619 0 7.74836 
9675 11453 909.926 12.779 0 0 200.497 194.878 0 0.0133333 0.00722222 0 355.109 -5.98855 0 7.7828 
9700 11464.8 909.76 12.781 0 0 200.517 194.909 0 0.0194444 0.015 0 356 -5.93821 0 7.7925 
9725 11439.9 910.442 12.7034 0 0 200.512 194.973 0 0.0222222 0.0138889 0 356.747 -5.71239 0 7.80769 
9750 11458.4 909.004 12.8114 0 0 200.498 194.956 0 0.0205556 0.0144444 0 357.666 -5.56919 0 7.81887 
9775 11486.2 907.47 12.8479 0 0 200.499 194.985 0 0.0238889 0.015 0 358.693 -5.78279 0 7.82162 
9800 11499.1 907.974 12.8172 0 0 200.518 195.017 0 0.0222222 0.0138889 0 359.517 -5.96605 0 7.84601 
9825 11383.1 911.177 12.6408 0 0 200.503 195.059 0 0.0161111 0.0105556 0 360.132 -6.082 0 7.86554 
9850 11355.3 909.732 12.6885 0 0 200.505 195.102 0 0.015 0.00833333 0 361.104 -6.13399 0 7.87235 
9875 11339.4 909.225 12.6185 0 0 200.509 195.105 0 0.0272222 0.0172222 0 361.888 -5.9988 0 7.85776 
9900 11421.1 905.693 12.7762 0 0 200.525 195.094 0 0.0211111 0.015 0 363.045 -5.76393 0 7.86631 
9925 11376.1 909.181 12.696 0 0 200.542 195.079 0 0.0261111 0.0155556 0 363.96 -5.68299 0 7.86475 
9950 11381.2 911.467 12.6419 0 0 200.54 195.094 0 0.0166667 0.01 0 364.749 -5.62712 0 7.88039 
9975 11271.1 911.318 12.5276 0 0 200.535 195.076 0 0.0216667 0.0127778 0 365.642 -5.28954 0 7.88332 
10000 11306.2 910.232 12.5667 0 0 200.531 195.028 0 0.0205556 0.0105556 0 366.694 -5.12847 0 7.87518 
