# Avida Dominant Data
# Fri Oct 16 05:43:15 2015
#  1: Update
#  2: Average Merit of the Dominant Genotype
#  3: Average Gestation Time of the Dominant Genotype
#  4: Average Fitness of the Dominant Genotype
#  5: Repro Rate?
#  6: Size of Dominant Genotype
#  7: Copied Size of Dominant Genotype
#  8: Executed Size of Dominant Genotype
#  9: Abundance of Dominant Genotype
# 10: Number of Births
# 11: Number of Dominant Breed True?
# 12: Dominant Gene Depth
# 13: Dominant Breed In
# 14: Max Fitness?
# 15: Genotype ID of Dominant Genotype
# 16: Name of the Dominant Genotype

0 0 0 0 0 200 0 0 20 0 0 0 0 2.22507e-308 1 200-aaaaa 
25 197 789 0.249683 0.00126743 200 200 0 20 0 0 0 0 0.249683 1 200-aaaaa 
50 197 789 0.249683 0.00126743 200 200 0 20 0 0 0 0 0.249683 1 200-aaaaa 
75 197 789 0.249683 0.00126743 200 200 0 20 0 0 0 0 0.249683 1 200-aaaaa 
100 197 789 0.249683 0.00126743 200 200 0 20 0 0 0 0 0.249683 1 200-aaaaa 
125 197 789 0.249683 0.00126743 200 200 0 20 0 0 0 0 0.249683 1 200-aaaaa 
150 197 789 0.249683 0.00126743 200 200 0 30 0 0 0 0 0.249683 1 200-aaaaa 
175 197 789 0.249683 0.00126743 200 199.985 0 35 0 0 0 0 0.249683 1 200-aaaaa 
200 197 789 0.249683 0.00126743 200 199.964 0 35 0 0 0 0 0.249683 1 200-aaaaa 
225 197 789 0.249683 0.00126743 200 199.95 0 37 0 0 0 0 0.249683 1 200-aaaaa 
250 197 789 0.249683 0.00126743 200 199.941 0 43 0 0 0 0 0.249683 1 200-aaaaa 
275 197 789 0.249683 0.00126743 200 199.932 0 69 0 0 0 0 0.249683 1 200-aaaaa 
300 197 789 0.249683 0.00126743 200 199.908 0 85 0 0 0 0 0.249683 1 200-aaaaa 
325 197 789 0.249683 0.00126743 200 199.882 0 88 1 0 0 0 0.249683 1 200-aaaaa 
350 197 789 0.249683 0.00126743 200 199.863 0 96 0 0 0 0 0.249683 1 200-aaaaa 
375 197 789 0.249683 0.00126743 200 199.851 0 123 1 0 0 0 0.249683 1 200-aaaaa 
400 197 789 0.249683 0.00126743 200 199.847 0 166 8 3 0 0 0.249683 1 200-aaaaa 
425 197 789 0.249683 0.00126743 200 199.848 0 198 9 0 0 2 0.249683 1 200-aaaaa 
450 197 789 0.249683 0.00126743 200 199.848 0 202 0 0 0 0 0.249683 1 200-aaaaa 
475 197 789 0.249683 0.00126743 200 199.848 0 160 1 0 0 1 0.249683 1 200-aaaaa 
500 197 789 0.249683 0.00126743 200 199.848 0 134 10 0 0 2 0.249683 1 200-aaaaa 
525 197 789 0.249683 0.00126743 200 199.847 0 106 1 0 0 0 0.249683 1 200-aaaaa 
550 197 789 0.249683 0.00126743 200 199.85 0 73 1 0 0 0 0.249683 1 200-aaaaa 
575 197 789 0.249683 0.00126743 200 199.85 0 50 0 0 0 0 0.249683 1 200-aaaaa 
600 197 789 0.249683 0.00126743 200 199.851 0 33 0 0 0 0 0.249683 1 200-aaaaa 
625 197 789 0.249683 0.00126743 200 199.85 0 23 0 0 0 0 0.249683 1 200-aaaaa 
650 197 789 0.249683 0.00126743 200 199.851 0 13 0 0 0 0 0.249683 1 200-aaaaa 
675 197 789 0.249683 0.00126743 200 199.851 0 10 0 0 0 0 0.249683 1 200-aaaaa 
700 197 789 0.249683 0.00126743 200 199.851 0 7 0 0 0 0 0.249683 1 200-aaaaa 
725 197 789 0.249683 0.00126743 200 199.851 0 4 0 0 0 0 0.249683 1 200-aaaaa 
750 2548 976 2.61066 0.00102459 199 199.625 0 3 1 0 0 0 2.61066 14080 199-aaaen 
775 2548 976 2.61066 0.00102459 199 199.545 0 3 1 0 0 0 2.61066 14080 199-aaaen 
800 2561 783 3.27075 0.00127714 200 199.2 0 3 0 0 0 0 3.27075 19217 200-aaajg 
825 1960 979 2.00204 0.00102145 199 199 0 3 0 0 0 0 2.00204 15124 199-aaaew 
850 1960 979 2.00204 0.00102145 199 199 0 3 0 0 0 0 2.00204 15124 199-aaaew 
875 1960 779 2.51605 0.0012837 199 199 0 4 0 0 0 0 2.51605 23331 199-aaafg 
900 1960 779 2.51605 0.0012837 199 198.9 0 4 0 0 0 0 2.51605 23331 199-aaafg 
925 1960 779 2.51605 0.0012837 199 198.846 0 3 0 0 0 0 2.51605 23331 199-aaafg 
950 1960 779 2.51605 0.0012837 199 198.813 0 3 0 0 0 0 2.51605 23331 199-aaafg 
975 2535 772 3.28368 0.00129534 199 199 0 3 0 0 0 0 3.28368 28582 199-aaafv 
1000 1960 778 2.51928 0.00128535 199 199.167 0 4 0 0 0 0 2.51928 11834 199-aaaec 
1025 2522 974 2.58932 0.00102669 199 199 0 3 0 0 0 0 2.58932 33192 199-aaaga 
1050 1372 980 1.4 0.00102041 199 199.4 0 3 0 0 0 0 1.4 11309 199-aaagc 
1075 1950 778 2.50643 0.00128535 200 199.857 0 3 0 0 0 0 2.50643 35693 200-aaajv 
1100 2470 769 3.21196 0.00130039 199 198 0 3 0 0 0 0 3.21196 38298 199-aaagi 
1125 2470 769 3.21196 0.00130039 199 198.111 0 3 0 0 0 0 3.21196 38298 199-aaagi 
1150 2561 782 3.27494 0.00127877 200 200.5 0 3 0 0 0 0 3.27494 39021 200-aaakb 
1175 2561 778 3.29177 0.00128535 200 199.286 0 3 0 0 0 0 3.29177 43190 200-aaakc 
1200 2561 778 3.29177 0.00128535 200 199.3 0 3 0 0 0 0 3.29177 43190 200-aaakc 
1225 2275 748 3.04144 0.0013369 199 199.667 0 3 0 0 0 0 3.04144 49380 199-aaagr 
1250 1379 782 1.76343 0.00127877 200 199 0 3 0 0 0 0 1.76343 31771 200-aaake 
1275 2548 970 2.6268 0.00103093 199 199 0 2 0 0 0 0 2.6268 51448 199-aaags 
1300 2522 971 2.59732 0.00102987 199 198.333 0 3 0 0 0 0 2.59732 54097 199-aaagw 
1325 2522 971 2.59732 0.00102987 199 198.4 0 2 0 0 0 0 2.59732 54097 199-aaagw 
1350 1379 985 1.4 0.00101523 201 200.4 0 2 0 0 0 0 1.4 49925 201-no_name 
1375 2561 981 2.6106 0.00101937 200 199.333 0 3 0 0 0 0 2.6106 59989 200-aaakg 
1400 2405 963 2.4974 0.00103842 199 199 0 2 0 0 0 0 2.4974 58507 199-aaagy 
1425 2522 970 2.6 0.00103093 199 199 0 3 0 0 0 0 2.6 57491 199-aaaha 
1450 2522 971 2.59732 0.00102987 199 199 0 3 5 2 0 1 2.59732 64040 199-aaahc 
1475 2535 773 3.27943 0.00129366 199 199 0 3 0 0 0 0 3.27943 64248 199-aaahe 
1500 2444 772 3.1658 0.00129534 201 199.6 0 2 0 0 0 0 3.1658 58256 201-no_name 
1525 2548 974 2.61602 0.00102669 199 199 0 2 0 0 0 0 2.61602 59516 199-no_name 
1550 2848 758 3.75726 0.00131926 200 199 0 3 0 0 0 0 3.75726 73280 200-aaakk 
1575 2848 758 3.75726 0.00131926 200 199.143 0 3 1 0 0 0 3.75726 73280 200-aaakk 
1600 2522 773 3.26261 0.00129366 199 199 0 3 0 0 0 0 3.26261 64655 199-aaahh 
1625 2522 773 3.26261 0.00129366 199 199 0 3 0 0 0 0 3.26261 64655 199-aaahh 
1650 2509 965 2.6 0.00103627 199 199 0 2 0 0 0 0 2.6 68862 199-no_name 
1675 2509 971 2.58393 0.00102987 199 199 0 3 0 0 0 0 2.58393 81315 199-aaahl 
1700 2548 776 3.28351 0.00128866 199 200.333 0 3 0 0 0 0 3.28351 83959 199-aaahm 
1725 2509 965 2.6 0.00103627 199 199 0 3 0 0 0 0 2.6 68862 199-aaahn 
1750 2509 965 2.6 0.00103627 199 199 0 2 0 0 0 0 2.6 68862 199-aaahn 
1775 3136 773 4.05692 0.00129366 199 199.5 0 3 0 0 0 0 4.05692 87735 199-aaahp 
1800 3136 773 4.05692 0.00129366 199 199 0 3 0 0 0 0 4.05692 87735 199-aaahp 
1825 3120 972 3.20988 0.00102881 199 199.8 0 2 0 0 0 0 3.20988 88208 199-aaahq 
1850 2470 772 3.19948 0.00129534 200 199.6 0 2 0 0 0 0 3.19948 92098 200-no_name 
1875 2470 772 3.19948 0.00129534 200 199.571 0 2 0 0 0 0 3.19948 92098 200-no_name 
1900 2561 976 2.62398 0.00102459 200 200 0 3 0 0 0 0 2.62398 79783 200-aaakr 
1925 2535 970 2.6134 0.00103093 198 198.8 0 3 0 0 0 0 2.6134 94949 198-aaaav 
1950 3120 771 4.04669 0.00129702 199 199.818 0 3 1 0 0 0 4.04669 96051 199-aaaht 
1975 3120 771 4.04669 0.00129702 199 199.867 0 2 0 0 0 0 4.04669 96051 199-aaaht 
2000 2522 968 2.60537 0.00103306 199 199.667 0 2 0 0 0 0 2.60537 98517 199-no_name 
2025 2535 973 2.60534 0.00102775 200 199.429 0 2 0 0 0 0 2.60534 101784 200-no_name 
2050 2444 968 2.52479 0.00103306 200 199.333 0 3 0 0 0 0 2.52479 107939 200-aaakt 
2075 2509 770 3.25844 0.0012987 198 198.5 0 3 0 0 0 0 3.25844 108965 198-aaaaw 
2100 2509 770 3.25844 0.0012987 198 199 0 3 0 0 0 0 3.25844 108965 198-aaaaw 
2125 2522 772 3.26684 0.00129534 198 198.357 0 2 0 0 0 0 3.26684 102196 198-no_name 
2150 2522 978 2.57873 0.00102249 200 199.333 0 3 0 0 0 0 2.57873 114565 200-aaakw 
2175 2522 978 2.57873 0.00102249 200 199.5 0 3 0 0 0 0 2.57873 114565 200-aaakw 
2200 3283 771 4.25811 0.00129702 199 199 0 2 0 0 0 0 4.83009 119310 199-aaaib 
2225 3104 767 4.04694 0.00130378 201 199.286 0 3 0 0 0 0 4.04694 119422 201-aaaaq 
2250 3104 767 4.04694 0.00130378 201 199.4 0 3 0 0 0 0 4.04694 119422 201-aaaaq 
2275 2535 773 3.27943 0.00129366 199 199 0 2 0 0 0 0 3.27943 118508 199-aaaid 
2300 2535 974 2.60267 0.00102669 200 200 0 3 0 0 0 0 2.60267 124043 200-aaaky 
2325 2535 974 2.60267 0.00102669 200 200 0 2 0 0 0 0 2.60267 124043 200-aaaky 
2350 2457 962 2.55405 0.0010395 198 199.333 0 2 0 0 0 0 2.55405 123687 198-no_name 
2375 2509 961 2.61082 0.00104058 199 199 0 2 0 0 0 0 2.61082 126415 199-no_name 
2400 2535 967 2.62151 0.00103413 199 199 0 2 0 0 0 0 2.62151 129888 199-no_name 
2425 2535 971 2.61071 0.00102987 199 199 0 2 0 0 0 0 2.61071 126355 199-no_name 
2450 2431 967 2.51396 0.00103413 200 199.167 0 2 0 0 0 0 2.51396 127503 200-no_name 
2475 2548 969 2.62951 0.00103199 200 200 0 3 0 0 0 0 2.62951 136369 200-aaala 
2500 2548 969 2.62951 0.00103199 200 200 0 2 0 0 0 0 2.62951 136369 200-aaala 
2525 2457 962 2.55405 0.0010395 198 198.714 0 2 0 0 0 0 2.55405 123687 198-no_name 
2550 4624.29 773 5.98226 0.00129366 200 199.571 0 3 0 0 0 0 6.3066 144362 200-aaalb 
2575 3724 973 3.82734 0.00102775 199 199 0 2 0 0 0 0 3.82734 142666 199-aaaih 
2600 3648 954 3.8239 0.00104822 199 199 0 2 0 0 0 0 3.8239 145593 199-aaaii 
2625 3104 966 3.21325 0.0010352 200 200.75 0 3 0 0 0 0 3.21325 141743 200-aaalc 
2650 3648 954 3.8239 0.00104822 199 199 0 2 0 0 0 0 3.8239 145593 199-aaaii 
2675 3648 954 3.8239 0.00104822 199 199 0 3 0 0 0 0 3.8239 145593 199-aaaii 
2700 3648 954 3.8239 0.00104822 199 199 0 2 0 0 0 0 3.8239 145593 199-aaaii 
2725 3515 765 4.59477 0.00130719 200 200.667 0 2 0 0 0 0 4.59477 149278 200-no_name 
2750 3120 772 4.04145 0.00129534 200 200 0 3 0 0 0 0 4.04145 159143 200-aaald 
2775 4224 960 4.4 0.00104167 199 199 0 3 0 0 0 0 4.4 154001 199-aaaij 
2800 3136 972 3.22634 0.00102881 200 200.75 0 2 0 0 0 0 3.22634 160113 200-aaale 
2825 3705 968 3.82748 0.00103306 199 199 0 3 0 0 0 0 3.82748 164878 199-aaail 
2850 3705 968 3.82748 0.00103306 199 199 0 3 0 0 0 0 3.82748 164878 199-aaail 
2875 2535 772 3.28368 0.00129534 199 199.25 0 2 0 0 0 0 3.28368 167066 199-no_name 
2900 4900 768 6.38021 0.00130208 199 200.111 0 3 0 0 0 0 6.38021 166474 199-aaain 
2925 4775 968 4.93285 0.00103306 202 201.364 0 2 0 0 0 0 4.93285 165704 202-no_name 
2950 3088 961 3.21332 0.00104058 199 199 0 2 0 0 0 0 3.21332 167007 199-no_name 
2975 5096 773 6.5925 0.00129366 200 200.667 0 3 0 0 0 0 7.09961 177537 200-aaalf 
3000 5194 773 6.71928 0.00129366 200 200.5 0 3 0 0 0 0 7.09961 177537 200-aaalf 
3025 3724 771 4.83009 0.00129702 200 199.571 0 2 0 0 0 0 4.83009 177262 200-no_name 
3050 3686 771 4.7808 0.00129702 199 199.8 0 2 0 0 0 0 4.7808 180329 199-no_name 
3075 3724 770 4.83636 0.0012987 199 199.2 0 2 0 0 0 0 4.83636 172655 199-no_name 
3100 4180 752 5.55851 0.00132979 199 199.5 0 3 0 0 0 0 5.55851 183397 199-aaaio 
3125 3120 971 3.21318 0.00102987 199 199.75 0 3 0 0 0 0 3.21318 182292 199-aaaip 
3150 3120 971 3.21318 0.00102987 199 199.5 0 2 2 0 0 0 3.21318 182292 199-aaaip 
3175 5460 763 7.15596 0.00131062 199 199 0 2 0 0 0 0 7.15596 181197 199-no_name 
3200 5460 763 7.15596 0.00131062 199 199 0 2 0 0 0 0 7.15596 181197 199-no_name 
3225 3667 768 4.77474 0.00130208 199 200 0 2 0 0 0 0 4.77474 187049 199-no_name 
3250 3724 772 4.82383 0.00129534 200 200.667 0 2 0 0 0 0 4.82383 192191 200-no_name 
3275 3724 772 4.82383 0.00129534 200 200.625 0 2 0 0 0 0 4.82383 192191 200-no_name 
3300 3724 772 4.82383 0.00129534 200 200.6 0 2 0 0 0 0 4.82383 192191 200-no_name 
3325 4800 765 6.27451 0.00130719 200 199.833 0 3 0 0 0 0 6.27451 197173 200-aaalj 
3350 4800 765 6.27451 0.00130719 200 199.75 0 2 0 0 0 0 6.27451 197173 200-aaalj 
3375 3743 763 4.90564 0.00131062 200 200 0 2 0 0 0 0 4.90564 203666 200-aaalk 
3400 3743 763 4.90564 0.00131062 200 200.2 0 2 0 0 0 0 4.90564 203666 200-aaalk 
3425 5516 973 5.66906 0.00102775 200 200 0 3 0 0 0 0 5.66906 198542 200-aaall 
3450 5516 973 5.66906 0.00102775 200 200 0 3 0 0 0 0 5.66906 198542 200-aaall 
3475 6562 970 6.76495 0.00103093 200 200 0 2 0 0 0 0 6.76495 205667 200-no_name 
3500 4246 965 4.4 0.00103627 199 199 0 2 0 0 0 0 4.4 199061 199-no_name 
3525 4850 968 5.01033 0.00103306 199 199 0 2 0 0 0 0 5.01033 197637 199-no_name 
3550 4850 968 5.01033 0.00103306 199 199 0 2 0 0 0 0 5.01033 197637 199-no_name 
3575 4825 966 4.99482 0.0010352 199 199 0 2 0 0 0 0 4.99482 214808 199-aaaiq 
3600 6076 964 6.3029 0.00103734 200 200 0 2 0 0 0 0 6.3029 216811 200-no_name 
3625 6076 964 6.3029 0.00103734 200 200 0 2 0 0 0 0 6.3029 216811 200-no_name 
3650 3136 964 3.25311 0.00103734 200 200 0 2 0 0 0 0 3.25311 218150 200-no_name 
3675 6107 975 6.26359 0.00102564 200 200 0 2 0 0 0 0 6.26359 222008 200-no_name 
3700 5544 975 5.68615 0.00102564 201 200.364 0 3 0 0 0 0 5.68615 218040 201-aaaas 
3725 4825 963 5.01038 0.00103842 199 199 0 2 0 0 0 0 5.01038 224629 199-no_name 
3750 4875 770 6.33117 0.0012987 200 200 0 2 0 0 0 0 6.33117 227968 200-no_name 
3775 4640 956.6 4.85051 0.00104537 201 199.8 0 2 0 0 0 0 4.85893 230254 201-no_name 
3800 4639.29 956.571 4.84991 0.0010454 201 199.857 0 2 0 0 0 0 4.85893 230254 201-no_name 
3825 5516 970 5.6866 0.00103093 200 200 0 2 0 0 0 0 5.6866 226853 200-no_name 
3850 3655.6 773.4 4.72666 0.00129299 201 198.4 0 2 0 0 0 0 4.73773 235707 201-no_name 
3875 7215 771 9.35798 0.00129702 200 198.222 0 2 0 0 0 0 9.35798 234386 200-aaaln 
3900 7215 771 9.35798 0.00129702 200 198.364 0 2 0 0 0 0 9.35798 234386 200-aaaln 
3925 3705 768 4.82422 0.00130208 199 199 0 2 0 0 0 0 4.82422 226875 199-no_name 
3950 7178 763 9.4076 0.00131062 200 200.2 0 2 0 0 0 0 9.4076 244306 200-aaalo 
3975 4246 961 4.41831 0.00104058 198 198 0 3 0 0 0 0 4.41831 245435 198-aaaay 
4000 4246 961 4.41831 0.00104058 198 198 0 3 0 0 0 0 4.41831 245435 198-aaaay 
4025 4246 961 4.41831 0.00104058 198 198 0 2 0 0 0 0 4.41831 245435 198-aaaay 
4050 5859 756 7.75 0.00132275 199 199.571 0 2 0 0 0 0 7.75 244271 199-no_name 
4075 7954 961 8.2768 0.00104058 199 199 0 2 0 0 0 0 8.2768 253924 199-no_name 
4100 4800 760 6.31579 0.00131579 199 199 0 2 0 0 0 0 6.31579 252726 199-no_name 
4125 7215 763 9.45609 0.00131062 199 199 0 3 3 2 0 1 9.45609 258960 199-aaair 
4150 7215 763 9.45609 0.00131062 199 199 0 3 0 0 0 0 9.45609 258960 199-aaair 
4175 7913 765 10.3438 0.00130719 199 199.708 0 2 0 0 0 0 10.3438 245174 199-aaais 
4200 5376 767 7.00913 0.00130378 200 200 0 3 3 2 0 1 7.00913 263468 200-aaalp 
4225 5376 767 7.00913 0.00130378 200 200 0 3 0 0 0 0 7.00913 263468 200-aaalp 
4250 4850 963 5.03634 0.00103842 200 200 0 2 0 0 0 0 5.03634 260633 200-no_name 
4275 6596 768 8.58854 0.00130208 200 201 0 2 0 0 0 0 8.58854 269925 200-aaalq 
4300 9800 970 10.1031 0.00103093 200 200 0 2 0 0 0 0 10.1031 265034 200-no_name 
4325 9800 970 10.1031 0.00103093 200 200 0 2 0 0 0 0 10.1031 265034 200-no_name 
4350 9800 970 10.1031 0.00103093 200 200 0 2 0 0 0 0 10.1031 265034 200-no_name 
4375 7215 763 9.45609 0.00131062 199 199.333 0 2 0 0 0 0 9.45609 274217 199-aaait 
4400 4180 959 4.35871 0.00104275 199 198.25 0 2 0 0 0 0 4.35871 272677 199-no_name 
4425 4180 959 4.35871 0.00104275 199 198.333 0 2 0 0 0 0 4.35871 272677 199-no_name 
4450 7840 975 8.04103 0.00102564 200 200 0 2 0 0 0 0 8.04103 279568 200-aaalr 
4475 7840 975 8.04103 0.00102564 200 200 0 2 0 0 0 0 8.04103 279568 200-aaalr 
4500 9600 951 10.0946 0.00105152 198 199.333 0 2 0 0 0 0 10.0946 287659 198-aaaaz 
4525 7840 975 8.04103 0.00102564 200 200 0 2 0 0 0 0 8.04103 279568 200-aaalr 
4550 7334 762 9.62467 0.00131234 201 200.769 0 2 0 0 0 0 9.62467 278792 201-no_name 
4575 6698 772 8.67617 0.00129534 201 200.111 0 2 0 0 0 0 8.67617 287234 201-no_name 
4600 4900 968 5.06198 0.00103306 200 200 0 3 0 0 0 0 5.06198 292136 200-aaalt 
4625 6895.91 758 9.09751 0.00131926 199 199 0 2 0 0 0 0 9.51847 290148 199-no_name 
4650 4875 767 6.35593 0.00130378 200 199.429 0 2 0 0 0 0 6.35593 292929 200-no_name 
4675 8077 765 10.5582 0.00130719 200 200.714 0 2 1 0 0 0 10.5582 294221 200-aaalu 
4700 5952 758 7.85224 0.00131926 199 199.25 0 3 0 0 0 0 7.85224 299028 199-aaaiu 
4725 5952 758 7.85224 0.00131926 199 199.833 0 2 0 0 0 0 7.85224 299028 199-aaaiu 
4750 7800 966 8.07453 0.0010352 199 199.667 0 2 0 0 0 0 8.07453 304143 199-no_name 
4775 8536 963 8.86397 0.00103842 199 199 0 3 0 0 0 0 8.86397 299857 199-aaaiv 
4800 10441 770 13.5597 0.0012987 200 200 0 2 0 0 0 0 13.5597 307248 200-no_name 
4825 7141 958 7.45407 0.00104384 200 200 0 2 0 0 0 0 7.45407 302860 200-no_name 
4850 8036 966 8.31884 0.0010352 200 200.6 0 2 0 0 0 0 8.31884 309287 200-no_name 
4875 7141 965 7.4 0.00103627 200 200 0 2 0 0 0 0 7.4 312322 200-no_name 
4900 5983 770 7.77013 0.0012987 200 199.6 0 2 0 0 0 0 7.77013 314031 200-no_name 
4925 7913 764 10.3573 0.0013089 200 200 0 2 0 0 0 0 10.3573 312833 200-no_name 
4950 8036 965 8.32746 0.00103627 200 200 0 2 0 0 0 0 8.32746 312055 200-no_name 
4975 4625 755 6.12583 0.0013245 199 199.2 0 2 0 0 0 0 6.12583 315950 199-no_name 
5000 4800 956 5.02092 0.00104603 200 200 0 2 0 0 0 0 5.02092 320747 200-aaalv 
5025 7600 959 7.92492 0.00104275 199 199 0 2 0 0 0 0 7.92492 319867 199-no_name 
5050 10388 964 10.7759 0.00103734 200 200 0 3 0 0 0 0 10.7759 316652 200-aaalw 
5075 4850 961 5.04683 0.00104058 199 199 0 3 0 0 0 0 5.04683 326827 199-aaaiw 
5100 4850 961 5.04683 0.00104058 199 199 0 2 0 0 0 0 5.04683 326827 199-aaaiw 
5125 9118 767 11.8879 0.00130378 200 199.556 0 2 0 0 0 0 11.8879 328992 200-no_name 
5150 8624 766 11.2585 0.00130548 200 200 0 2 0 0 0 0 11.2585 329268 200-no_name 
5175 8624 766 11.2585 0.00130548 200 200 0 2 0 0 0 0 11.2585 329268 200-no_name 
5200 8580 957 8.96552 0.00104493 199 199 0 3 0 0 0 0 8.96552 332083 199-aaaix 
5225 8580 957 8.96552 0.00104493 199 199 0 3 0 0 0 0 8.96552 332083 199-aaaix 
5250 8580 957 8.96552 0.00104493 199 199 0 3 0 0 0 0 8.96552 332083 199-aaaix 
5275 8580 957 8.96552 0.00104493 199 199 0 2 0 0 0 0 8.96552 332083 199-aaaix 
5300 8580 957 8.96552 0.00104493 199 199 0 2 0 0 0 0 8.96552 332083 199-aaaix 
5325 8580 957 8.96552 0.00104493 199 199 0 2 0 0 0 0 8.96552 332083 199-aaaix 
5350 9650 764 12.6309 0.0013089 200 200.643 0 3 0 0 0 0 12.6309 339285 200-aaaly 
5375 6014 765 7.86144 0.00130719 200 199.333 0 3 1 0 0 0 7.86144 345015 200-aaalz 
5400 6698 968 6.91942 0.00103306 200 200 0 2 0 0 0 0 6.91942 345007 200-no_name 
5425 6698 968 6.91942 0.00103306 200 200 0 2 0 0 0 0 6.91942 345007 200-no_name 
5450 5983 762 7.85171 0.00131234 199 199.333 0 2 0 0 0 0 7.85171 350907 199-no_name 
5475 5983 762 7.85171 0.00131234 199 199.375 0 2 0 0 0 0 7.85171 350907 199-no_name 
5500 5983 762 7.85171 0.00131234 199 199.4 0 2 0 0 0 0 7.85171 350907 199-no_name 
5525 7913 761 10.3982 0.00131406 198 200.714 0 3 0 0 0 0 10.3982 355796 198-aaaba 
5550 7760 761 10.1971 0.00131406 199 199.5 0 2 0 0 0 0 10.1971 360305 199-no_name 
5575 7760 761 10.1971 0.00131406 199 199.5 0 2 0 0 0 0 10.1971 360305 199-no_name 
5600 7880 970 8.12371 0.00103093 200 200 0 2 0 0 0 0 8.12371 361264 200-no_name 
5625 9064.29 960.857 9.43354 0.00104074 199 199 0 2 0 0 0 0 9.43913 360221 199-no_name 
5650 10808 763 14.1651 0.00131062 199 200.25 0 3 0 0 0 0 14.1651 370671 199-aaaiy 
5675 8170 956 8.54603 0.00104603 199 199.75 0 2 0 0 0 0 8.54603 368671 199-no_name 
5700 11459.4 763 15.0188 0.00131062 200 199 0 2 0 0 0 0 15.6828 372913 200-no_name 
5725 11502.8 763 15.0758 0.00131062 200 199 0 2 0 0 0 0 15.6828 372913 200-no_name 
5750 11476.1 763 15.0407 0.00131062 200 199 0 2 0 0 0 0 15.6828 372913 200-no_name 
5775 7030 964 7.29253 0.00103734 200 200 0 2 0 0 0 0 7.29253 374581 200-no_name 
5800 5460 760 7.18421 0.00131579 200 200 0 2 0 0 0 0 7.18421 378987 200-no_name 
5825 5460 760 7.18421 0.00131579 200 200 0 2 0 0 0 0 7.18421 378987 200-no_name 
5850 5460 760 7.18421 0.00131579 200 200 0 2 0 0 0 0 7.18421 378987 200-no_name 
5875 9800 964 10.166 0.00103734 200 200 0 2 0 0 0 0 10.166 385330 200-no_name 
5900 9259 773 11.978 0.00129366 201 200 0 2 0 0 0 0 11.978 376902 201-aaaat 
5925 9259 773 11.978 0.00129366 201 199.846 0 2 0 0 0 0 11.978 376902 201-aaaat 
5950 8580 965 8.89119 0.00103627 200 200 0 2 0 0 0 0 8.89119 387199 200-no_name 
5975 8580 965 8.89119 0.00103627 200 200 0 2 0 0 0 0 8.89119 387199 200-no_name 
6000 10335 763 13.5452 0.00131062 200 198.429 0 2 0 0 0 0 13.5452 395005 200-aaama 
6025 6512 940 6.92766 0.00106383 199 199 0 2 0 0 0 0 6.92766 394872 199-no_name 
6050 6512 940 6.92766 0.00106383 199 199 0 2 0 0 0 0 6.92766 394872 199-no_name 
6075 10957.3 769.667 14.2365 0.00129926 200 200 0 2 0 0 0 0 14.2545 400251 200-aaamb 
6100 10959.2 769.7 14.2383 0.00129921 200 199.8 0 2 1 0 0 0 14.2545 400251 200-aaamb 
6125 10584 759 13.9447 0.00131752 200 199.467 0 2 0 0 0 0 13.9447 399227 200-no_name 
6150 10584 759 13.9447 0.00131752 200 199.471 0 2 0 0 0 0 13.9447 399227 200-no_name 
6175 10584 759 13.9447 0.00131752 200 199.474 0 2 0 0 0 0 13.9447 399227 200-no_name 
6200 6615 762 8.6811 0.00131234 200 200.125 0 2 0 0 0 0 8.6811 399682 200-no_name 
6225 6615 762 8.6811 0.00131234 200 200.2 0 2 0 0 0 0 8.6811 399682 200-no_name 
6250 6076 961 6.32258 0.00104058 199 199.667 0 2 0 0 0 0 6.32258 411341 199-no_name 
6275 9945 962 10.3378 0.0010395 200 200 0 3 0 0 0 0 10.3378 417247 200-aaamd 
6300 9945 962 10.3378 0.0010395 200 200 0 3 0 0 0 0 10.3378 417247 200-aaamd 
6325 9945 962 10.3378 0.0010395 200 200 0 3 0 0 0 0 10.3378 417247 200-aaamd 
6350 10864 954 11.3878 0.00104822 200 200 0 2 1 0 0 0 11.3878 415648 200-aaame 
6375 8385 954 8.78931 0.00104822 200 200 0 2 0 0 0 0 8.78931 421937 200-no_name 
6400 7246.6 758.7 9.55133 0.00131804 200 200 0 2 0 0 0 0 9.56258 416104 200-aaamf 
6425 8385 954 8.78931 0.00104822 200 200 0 2 0 0 0 0 8.78931 421937 200-no_name 
6450 10752 961 11.1883 0.00104058 199 199 0 2 0 0 0 0 11.1883 424846 199-no_name 
6475 10752 961 11.1883 0.00104058 199 199 0 2 0 0 0 0 11.1883 424846 199-no_name 
6500 10752 961 11.1883 0.00104058 199 199 0 2 0 0 0 0 11.1883 424846 199-aaaiz 
6525 10752 961 11.1883 0.00104058 199 199 0 2 0 0 0 0 11.1883 424846 199-aaaiz 
6550 10752 961 11.1883 0.00104058 199 199 0 2 0 0 0 0 11.1883 424846 199-aaaiz 
6575 9118 763 11.9502 0.00131062 200 200 0 2 0 0 0 0 11.9502 436704 200-no_name 
6600 9118 763 11.9502 0.00131062 200 200 0 2 0 0 0 0 11.9502 436704 200-aaamh 
6625 10441 768 13.5951 0.00130208 200 200 0 3 0 0 0 0 13.5951 443722 200-aaami 
6650 10441 768 13.5951 0.00130208 200 200 0 3 0 0 0 0 13.5951 443722 200-aaami 
6675 10335 759 13.6166 0.00131752 199 198.889 0 2 0 0 0 0 13.6166 442785 199-no_name 
6700 7880 973 8.09866 0.00102775 202 201.4 0 2 0 0 0 0 8.09866 445807 202-no_name 
6725 9750 762 12.7953 0.00131234 200 200 0 2 0 0 0 0 12.7953 444028 200-no_name 
6750 9191.86 764.571 12.0222 0.00130792 200 199.714 0 2 0 0 0 0 12.0418 447919 200-no_name 
6775 9196.33 764.667 12.0266 0.00130776 200 199.667 0 2 0 0 0 0 12.0418 447919 200-no_name 
6800 9199.18 764.727 12.0294 0.00130766 200 199.636 0 2 0 0 0 0 12.0418 447919 200-no_name 
6825 7289 964 7.5612 0.00103734 200 199.429 0 2 0 0 0 0 7.5612 452045 200-no_name 
6850 7085.5 961 7.37305 0.00104058 200 199 0 2 0 0 0 0 7.3923 456393 200-no_name 
6875 9700 756 12.8307 0.00132275 199 199 0 2 0 0 0 0 12.8307 461509 199-aaaja 
6900 7085.5 961 7.37305 0.00104058 200 199.333 0 2 0 0 0 0 7.3923 456393 200-no_name 
6925 7680 955 8.04188 0.00104712 199 199 0 2 0 0 0 0 8.04188 461126 199-no_name 
6950 8970 962 9.32432 0.0010395 200 200 0 2 0 0 0 0 9.32432 460750 200-no_name 
6975 10017 756 13.25 0.00132275 199 200 0 3 0 0 0 0 13.25 467382 199-aaajb 
7000 10017 756 13.25 0.00132275 199 200 0 2 1 0 0 0 13.25 467382 199-aaajb 
7025 8694 752 11.5612 0.00132979 200 200 0 2 0 0 0 0 11.5612 469428 200-no_name 
7050 7760 762 10.1837 0.00131234 199 199.667 0 3 0 0 0 0 10.1837 475317 199-aaajc 
7075 7760 762 10.1837 0.00131234 199 199.75 0 2 0 0 0 0 10.1837 475317 199-aaajc 
7100 7760 762 10.1837 0.00131234 199 200 0 2 0 0 0 0 10.1837 475317 199-aaajc 
7125 7720 761 10.1445 0.00131406 200 199.429 0 2 0 0 0 0 10.1445 474975 200-no_name 
7150 11154 958 11.643 0.00104384 200 200 0 2 0 0 0 0 12.0094 474887 200-no_name 
7175 7800 761 10.2497 0.00131406 199 199 0 2 0 0 0 0 10.2497 480302 199-no_name 
7200 9118 764 11.9346 0.0013089 199 200 0 2 0 0 0 0 11.9346 482804 199-no_name 
7225 10920 763 14.3119 0.00131062 199 199 0 2 0 0 0 0 14.3119 487483 199-no_name 
7250 10920 763 14.3119 0.00131062 199 199 0 2 0 0 0 0 14.3119 487483 199-no_name 
7275 10920 763 14.3119 0.00131062 199 199 0 2 0 0 0 0 14.3119 487483 199-no_name 
7300 7840 958 8.18372 0.00104384 200 200 0 2 0 0 0 0 9.00209 485701 200-no_name 
7325 10335 962 10.7432 0.0010395 199 199.714 0 2 0 0 0 0 10.7432 489248 199-no_name 
7350 4158 952 4.36765 0.00105042 200 200 0 2 0 0 0 0 4.36765 495177 200-no_name 
7375 4158 952 4.36765 0.00105042 200 200 0 2 0 0 0 0 4.36765 495177 200-no_name 
7400 4158 952 4.36765 0.00105042 200 200 0 2 0 0 0 0 4.36765 495177 200-no_name 
7425 4875 757 6.43989 0.001321 199 200 0 2 0 0 0 0 6.43989 497647 199-no_name 
7450 4875 757 6.43989 0.001321 199 200 0 2 0 0 0 0 6.43989 497647 199-no_name 
7475 10671.1 952 11.2092 0.00105042 199 199.556 0 2 0 0 0 0 11.2353 499137 199-no_name 
7500 10675.6 952 11.2139 0.00105042 199 199.545 0 3 0 0 0 0 11.2353 499137 199-aaajd 
7525 10676 952 11.2143 0.00105042 199 199.5 0 2 0 0 0 0 11.2353 499137 199-aaajd 
7550 10675 952 11.2132 0.00105042 199 199.438 0 2 0 0 0 0 11.2353 499137 199-aaajd 
7575 10677.3 952 11.2157 0.00105042 199 199.389 0 2 0 0 0 0 11.2353 499137 199-aaajd 
7600 10176 765 13.302 0.00130719 201 200.6 0 2 0 0 0 0 13.302 513397 201-aaaau 
7625 10176 765 13.302 0.00130719 201 200.571 0 2 0 0 0 0 13.302 513397 201-aaaau 
7650 6664 757 8.80317 0.001321 200 200 0 2 0 0 0 0 8.80317 515608 200-no_name 
7675 10282 964 10.666 0.00103734 200 200 0 2 0 0 0 0 10.666 513127 200-no_name 
7700 10282 964 10.666 0.00103734 200 200 0 2 0 0 0 0 10.666 513127 200-no_name 
7725 7178 966 7.43064 0.0010352 199 199 0 2 0 0 0 0 7.43064 517654 199-no_name 
7750 7178 966 7.43064 0.0010352 199 199 0 2 0 0 0 0 7.43064 517654 199-no_name 
7775 7680 763 10.0655 0.00131062 201 200 0 2 0 0 0 0 10.0655 525260 201-no_name 
7800 12415 954 13.0136 0.00104822 199 199 0 2 0 0 0 0 13.0136 518743 199-no_name 
7825 12415 954 13.0136 0.00104822 199 199 0 2 0 0 0 0 13.0136 518743 199-no_name 
7850 12415 954 13.0136 0.00104822 199 199 0 2 0 0 0 0 13.0136 518743 199-no_name 
7875 11505 756 15.2183 0.00132275 199 200.6 0 2 0 0 0 0 15.2183 534618 199-no_name 
7900 10388 767 13.5437 0.00130378 201 201 0 3 0 0 0 0 13.5437 535118 201-aaaav 
7925 10388 767 13.5437 0.00130378 201 200.857 0 3 0 0 0 0 13.5437 535118 201-aaaav 
7950 10388 767 13.5437 0.00130378 201 200.8 0 2 0 0 0 0 13.5437 535118 201-aaaav 
7975 9248.57 766 12.0739 0.00130548 201 200.571 0 2 0 0 0 0 12.7285 539553 201-no_name 
8000 9311.25 766 12.1557 0.00130548 201 200.5 0 2 0 0 0 0 12.7285 539553 201-no_name 
8025 11505 770 14.9416 0.0012987 201 200 0 3 0 0 0 0 14.9416 547242 201-aaaaw 
8050 11505 770 14.9416 0.0012987 201 199.833 0 2 0 0 0 0 14.9416 547242 201-aaaaw 
8075 6596 766 8.61097 0.00130548 201 201 0 2 0 0 0 0 8.61097 534514 201-no_name 
8100 15366 764 20.1126 0.0013089 201 200.667 0 3 0 0 0 0 20.1126 551523 201-aaaax 
8125 15366 764 20.1126 0.0013089 201 200.556 0 2 0 0 0 0 20.1126 551523 201-aaaax 
8150 13192 959 13.756 0.00104275 201 201 0 3 0 0 0 0 13.756 555612 201-aaaay 
8175 13192 959 13.756 0.00104275 201 201 0 3 0 0 0 0 13.756 555612 201-aaaay 
8200 11623 969 11.9948 0.00103199 200 200 0 2 0 0 0 0 11.9948 550742 200-no_name 
8225 10920 761 14.3495 0.00131406 200 200 0 2 0 0 0 0 14.3495 561289 200-no_name 
8250 9594.2 962 9.97318 0.0010395 200 200 0 2 0 0 0 0 9.98337 556905 200-no_name 
8275 9583 962 9.96154 0.0010395 200 200 0 2 0 0 0 0 9.98337 556905 200-no_name 
8300 11505 766 15.0196 0.00130548 200 200 0 2 0 0 0 0 15.0196 565855 200-no_name 
8325 11505 766 15.0196 0.00130548 200 200 0 2 0 0 0 0 15.0196 565855 200-no_name 
8350 15750 960.444 16.3986 0.00104118 200 200 0 2 0 0 0 0 16.436 564517 200-aaaml 
8375 13824 754 18.3342 0.00132626 200 200 0 3 0 0 0 0 18.3342 570022 200-aaamm 
8400 11505 766 15.0196 0.00130548 200 200 0 2 0 0 0 0 15.0196 565855 200-no_name 
8425 13824 968 14.281 0.00103306 201 201 0 2 0 0 0 0 14.281 570821 201-no_name 
8450 13824 968 14.281 0.00103306 201 201 0 2 0 0 0 0 14.281 570821 201-no_name 
8475 15288 769 19.8804 0.00130039 201 200.286 0 3 0 0 0 0 19.8804 567363 201-aaaaz 
8500 15288 769 19.8804 0.00130039 201 200.333 0 3 0 0 0 0 19.8804 567363 201-aaaaz 
8525 15288 769 19.8804 0.00130039 201 200.435 0 3 0 0 0 0 19.8804 567363 201-aaaaz 
8550 13192 956 13.7992 0.00104603 200 200.6 0 2 0 0 0 0 13.7992 582139 200-no_name 
8575 13192 956 13.7992 0.00104603 200 200.571 0 2 0 0 0 0 13.7992 582139 200-no_name 
8600 13192 956 13.7992 0.00104603 200 200.556 0 2 0 0 0 0 13.7992 582139 200-no_name 
8625 13806 959 14.3962 0.00104275 200 200 0 2 0 0 0 0 14.6403 585834 200-no_name 
8650 16575 767 21.6102 0.00130378 201 200 0 2 0 0 0 0 21.6102 589504 201-no_name 
8675 11426 769 14.8583 0.00130039 201 201 0 2 0 0 0 0 14.8583 595396 201-no_name 
8700 7720 761 10.1445 0.00131406 200 200 0 2 0 0 0 0 10.1445 595588 200-no_name 
8725 7720 761 10.1445 0.00131406 200 200 0 2 0 0 0 0 10.1445 595588 200-no_name 
8750 7720 761 10.1445 0.00131406 200 200 0 2 0 0 0 0 10.1445 595588 200-no_name 
8775 13824 963 14.3551 0.00103842 201 201 0 2 0 0 0 0 14.3551 598823 201-no_name 
8800 9700 965 10.0518 0.00103627 200 200.75 0 3 0 0 0 0 10.0518 600512 200-aaamp 
8825 9700 965 10.0518 0.00103627 200 200.75 0 2 0 0 0 0 10.0518 600512 200-aaamp 
8850 12805 764 16.7605 0.0013089 200 200.667 0 3 0 0 0 0 17.0183 604593 200-aaamq 
8875 12805 764 16.7605 0.0013089 200 200.556 0 3 0 0 0 0 17.0183 604593 200-aaamq 
8900 12028 764 15.7435 0.0013089 200 200.25 0 3 0 0 0 0 15.7435 604585 200-aaams 
8925 12028 764 15.7435 0.0013089 200 200.455 0 3 0 0 0 0 15.7435 604585 200-aaams 
8950 12028 764 15.7435 0.0013089 200 200.571 0 2 0 0 0 0 15.7435 604585 200-aaams 
8975 17072 961 17.7648 0.00104058 200 200 0 2 0 0 0 0 17.7648 603033 200-no_name 
9000 10017 944 10.6112 0.00105932 199 199 0 3 0 0 0 0 10.6112 617417 199-aaaje 
9025 10017 944 10.6112 0.00105932 199 199 0 3 0 0 0 0 10.6112 617417 199-aaaje 
9050 11682 773 15.1125 0.00129366 201 201 0 2 0 0 0 0 15.1125 609807 201-no_name 
9075 11682 773 15.1125 0.00129366 201 201 0 2 0 0 0 0 15.1125 609807 201-no_name 
9100 14184 770 18.4208 0.0012987 201 200 0 2 0 0 0 0 18.4208 624669 201-no_name 
9125 14184 770 18.4208 0.0012987 201 200 0 3 0 0 0 0 18.4208 624669 201-aaaba 
9150 14184 770 18.4208 0.0012987 201 200.1 0 2 0 0 0 0 18.4208 624669 201-aaaba 
9175 17248 770 22.4 0.0012987 201 200 0 2 0 0 0 0 22.4 628062 201-no_name 
9200 10808 966 11.1884 0.0010352 201 201 0 2 0 0 0 0 11.1884 629279 201-no_name 
9225 9071 762 11.9042 0.00131234 199 199.75 0 2 0 0 0 0 11.9042 627969 199-no_name 
9250 5488 770 7.12727 0.0012987 201 201 0 2 0 0 0 0 7.12727 632067 201-no_name 
9275 15782.5 965 16.355 0.00103627 202 201.231 0 2 0 0 0 0 16.3679 626521 202-no_name 
9300 11966 962 12.4387 0.0010395 200 200 0 3 0 0 0 0 12.4387 640528 200-aaamt 
9325 11966 962 12.4387 0.0010395 200 200 0 2 0 0 0 0 12.4387 640528 200-aaamt 
9350 11966 962 12.4387 0.0010395 200 200 0 2 1 0 0 0 12.4387 640528 200-aaamt 
9375 14356 963 14.9076 0.00103842 201 199.667 0 2 0 0 0 0 15.109 644716 201-no_name 
9400 14200.8 963 14.7464 0.00103842 201 199.8 0 2 0 0 0 0 15.109 644716 201-no_name 
9425 14217.4 963 14.7637 0.00103842 201 199.857 0 2 0 0 0 0 15.109 644716 201-no_name 
9450 13455 964 13.9575 0.00103734 200 199.429 0 2 0 0 0 0 13.9575 647193 200-no_name 
9475 11700 962 12.1622 0.0010395 200 200.625 0 2 0 0 0 0 12.1622 645804 200-no_name 
9500 12090 761 15.887 0.00131406 199 200.75 0 2 0 0 0 0 15.887 653998 199-no_name 
9525 12090 761 15.887 0.00131406 199 200.667 0 2 0 0 0 0 15.887 653998 199-no_name 
9550 15484 962 16.0956 0.0010395 200 200 0 2 0 0 0 0 16.0956 650509 200-no_name 
9575 8077 969 8.3354 0.00103199 202 202 0 2 0 0 0 0 8.3354 660381 202-no_name 
9600 6596 764 8.63351 0.0013089 200 200 0 2 0 0 0 0 8.63351 657155 200-no_name 
9625 7788 770 10.1143 0.0012987 201 200.667 0 3 0 0 0 0 12.8571 662434 201-aaabb 
9650 7260 770 9.42857 0.0012987 201 200.667 0 3 0 0 0 0 12.8571 662434 201-aaabb 
9675 11172 962 11.6133 0.0010395 199 199.5 0 2 0 0 0 0 11.6133 665865 199-no_name 
9700 9650 961 10.0416 0.00104058 201 201.8 0 2 0 0 0 0 10.0416 662328 201-no_name 
9725 9650 961 10.0416 0.00104058 201 201.714 0 2 0 0 0 0 10.0416 662328 201-no_name 
9750 9650 961 10.0416 0.00104058 201 201.714 0 2 0 0 0 0 10.0416 662328 201-no_name 
9775 13124 756 17.3598 0.00132275 200 200.545 0 2 0 0 0 0 17.3598 669758 200-no_name 
9800 13124 756 17.3598 0.00132275 200 200.538 0 3 0 0 0 0 17.3598 669758 200-aaamu 
9825 12214 967 12.6308 0.00103413 201 201 0 2 0 0 0 0 12.6308 677350 201-no_name 
9850 10494 968 10.8409 0.00103306 201 201 0 2 0 0 0 0 10.8409 677915 201-no_name 
9875 9259 967 9.57497 0.00103413 202 201.333 0 2 0 0 0 0 9.57497 681771 202-no_name 
9900 9259 967 9.57497 0.00103413 202 201.333 0 2 0 0 0 0 9.57497 681771 202-no_name 
9925 13455 763 17.6343 0.00131062 200 200 0 2 0 0 0 0 17.6343 685981 200-no_name 
9950 12152 975 12.4636 0.00102564 202 202 0 2 0 0 0 0 12.4636 674485 202-no_name 
9975 15326 759 20.1924 0.00131752 200 200 0 2 0 0 0 0 20.1924 691247 200-aaamv 
10000 12152 975 12.4636 0.00102564 202 202 0 2 0 0 0 0 12.4636 674485 202-no_name 
