# Avida Dominant Data
# Fri Oct 16 05:25:35 2015
#  1: Update
#  2: Average Merit of the Dominant Genotype
#  3: Average Gestation Time of the Dominant Genotype
#  4: Average Fitness of the Dominant Genotype
#  5: Repro Rate?
#  6: Size of Dominant Genotype
#  7: Copied Size of Dominant Genotype
#  8: Executed Size of Dominant Genotype
#  9: Abundance of Dominant Genotype
# 10: Number of Births
# 11: Number of Dominant Breed True?
# 12: Dominant Gene Depth
# 13: Dominant Breed In
# 14: Max Fitness?
# 15: Genotype ID of Dominant Genotype
# 16: Name of the Dominant Genotype

0 0 0 0 0 200 0 0 20 0 0 0 0 2.22507e-308 1 200-aaaaa 
25 197 789 0.249683 0.00126743 200 200 0 20 0 0 0 0 0.249683 1 200-aaaaa 
50 197 789 0.249683 0.00126743 200 200 0 20 0 0 0 0 0.249683 1 200-aaaaa 
75 197 789 0.249683 0.00126743 200 200 0 20 0 0 0 0 0.249683 1 200-aaaaa 
100 197 789 0.249683 0.00126743 200 200 0 20 0 0 0 0 0.249683 1 200-aaaaa 
125 197 789 0.249683 0.00126743 200 200 0 24 0 0 0 0 0.249683 1 200-aaaaa 
150 197 789 0.249683 0.00126743 200 200 0 32 0 0 0 0 0.249683 1 200-aaaaa 
175 197 789 0.249683 0.00126743 200 199.993 0 36 0 0 0 0 0.249683 1 200-aaaaa 
200 197 789 0.249683 0.00126743 200 199.983 0 38 0 0 0 0 0.249683 1 200-aaaaa 
225 197 789 0.249683 0.00126743 200 199.976 0 39 0 0 0 0 0.249683 1 200-aaaaa 
250 197 789 0.249683 0.00126743 200 199.972 0 54 0 0 0 0 0.249683 1 200-aaaaa 
275 197 789 0.249683 0.00126743 200 199.97 0 74 0 0 0 0 0.249683 1 200-aaaaa 
300 197 789 0.249683 0.00126743 200 199.963 0 85 0 0 0 0 0.249683 1 200-aaaaa 
325 197 789 0.249683 0.00126743 200 199.955 0 92 3 2 0 1 0.249683 1 200-aaaaa 
350 197 789 0.249683 0.00126743 200 199.949 0 107 0 0 0 0 0.249683 1 200-aaaaa 
375 197 789 0.249683 0.00126743 200 199.948 0 153 0 0 0 0 0.249683 1 200-aaaaa 
400 197 789 0.249683 0.00126743 200 199.95 0 208 8 2 0 2 0.249683 1 200-aaaaa 
425 197 789 0.249683 0.00126743 200 199.941 0 248 7 1 0 3 0.249683 1 200-aaaaa 
450 197 789 0.249683 0.00126743 200 199.936 0 306 0 0 0 0 0.249683 1 200-aaaaa 
475 197 789 0.249683 0.00126743 200 199.927 0 236 4 0 0 0 0.249683 1 200-aaaaa 
500 197 789 0.249683 0.00126743 200 199.921 0 189 5 1 0 0 0.249683 1 200-aaaaa 
525 197 789 0.249683 0.00126743 200 199.92 0 127 3 1 0 0 0.249683 1 200-aaaaa 
550 197 789 0.249683 0.00126743 200 199.919 0 87 0 0 0 0 0.249683 1 200-aaaaa 
575 197 789 0.249683 0.00126743 200 199.919 0 58 2 0 0 0 0.249683 1 200-aaaaa 
600 197 789 0.249683 0.00126743 200 199.919 0 45 0 0 0 0 0.249683 1 200-aaaaa 
625 197 789 0.249683 0.00126743 200 199.919 0 25 0 0 0 0 0.249683 1 200-aaaaa 
650 197 789 0.249683 0.00126743 200 199.919 0 17 0 0 0 0 0.249683 1 200-aaaaa 
675 197 789 0.249683 0.00126743 200 199.919 0 9 0 0 0 0 0.249683 1 200-aaaaa 
700 197 789 0.249683 0.00126743 200 199.919 0 9 0 0 0 0 0.249683 1 200-aaaaa 
725 2574 788 3.2665 0.00126904 201 199.8 0 4 0 0 0 0 3.2665 8526 201-aaaam 
750 2574 788 3.2665 0.00126904 201 199.824 0 4 0 0 0 0 3.2665 8526 201-aaaam 
775 2574 788 3.2665 0.00126904 201 199.842 0 3 0 0 0 0 3.2665 8526 201-aaaam 
800 2574 788 3.2665 0.00126904 201 199.857 0 3 0 0 0 0 3.2665 8526 201-aaaam 
825 2431 969 2.50877 0.00103199 200 200 0 4 1 0 0 0 2.50877 20840 200-aaama 
850 1980 787 2.51588 0.00127065 201 200.25 0 4 0 0 0 0 2.51588 16411 201-aaaas 
875 1980 787 2.51588 0.00127065 201 200.25 0 5 0 0 0 0 2.51588 16411 201-aaaas 
900 1980 787 2.51588 0.00127065 201 200.294 0 3 0 0 0 0 2.51588 16411 201-aaaas 
925 2548 982 2.5947 0.00101833 200 200 0 3 0 0 0 0 2.5947 22442 200-aaamv 
950 2561 982 2.60794 0.00101833 200 200 0 3 0 0 0 0 2.60794 22609 200-aaanf 
975 1970 785 2.50955 0.00127389 200 200 0 3 1 0 0 0 2.50955 17950 200-aaani 
1000 1970 784 2.51276 0.00127551 200 200.444 0 3 0 0 0 0 2.51276 27230 200-aaank 
1025 1880 968 1.94215 0.00103306 200 200 0 3 0 0 0 0 1.94215 31105 200-aaanq 
1050 2548 978 2.60532 0.00102249 200 200 0 3 0 0 0 0 2.60532 35140 200-aaanv 
1075 2548 978 2.60532 0.00102249 200 200 0 3 0 0 0 0 2.60532 35140 200-aaanv 
1100 2548 980 2.6 0.00102041 200 200 0 3 0 0 0 0 2.6 37834 200-aaanx 
1125 2561 782 3.27494 0.00127877 200 200 0 3 0 0 0 0 3.27494 43570 200-aaaob 
1150 2535 781 3.24584 0.00128041 200 200 0 2 0 0 0 0 3.24584 33174 200-aaanp 
1175 1960 776 2.52577 0.00128866 199 198.667 0 3 0 0 0 0 2.52577 45520 199-aaack 
1200 2535 972 2.60802 0.00102881 200 199.4 0 3 0 0 0 0 2.60802 44547 200-aaaof 
1225 2548 779 3.27086 0.0012837 200 200.25 0 3 0 0 0 0 3.27086 47752 200-aaaol 
1250 2509 773 3.2458 0.00129366 199 200.667 0 3 0 0 0 0 3.2458 50295 199-aaacl 
1275 2561 781 3.27913 0.00128041 200 200 0 3 0 0 0 0 3.27913 53656 200-aaaoq 
1300 3120 773 4.03622 0.00129366 200 200 0 3 0 0 0 0 4.03622 55477 200-aaaor 
1325 2561 779 3.28755 0.0012837 200 200 0 3 0 0 0 0 3.28755 57330 200-aaaov 
1350 2548 780 3.26667 0.00128205 200 200.5 0 4 0 0 0 0 3.26667 49943 200-aaaow 
1375 3762 778 4.83548 0.00128535 201 200.4 0 3 0 0 0 0 4.83548 52960 201-aaabc 
1400 3762 778 4.83548 0.00128535 201 200.421 0 3 0 0 0 0 4.83548 52960 201-aaabc 
1425 2561 976 2.62398 0.00102459 200 199.4 0 4 0 0 0 0 2.62398 60700 200-aaapf 
1450 2535 775 3.27097 0.00129032 199 199.167 0 2 0 0 0 0 3.27097 60502 199-aaacp 
1475 2470 772 3.19948 0.00129534 200 199.286 0 2 0 0 0 0 3.19948 62192 200-aaaph 
1500 2548 779 3.27086 0.0012837 200 200 0 2 0 0 0 0 3.27086 61139 200-no_name 
1525 3743 978 3.8272 0.00102249 200 200 0 3 3 2 0 1 3.8272 71949 200-aaapi 
1550 3120 1176 2.65306 0.00085034 200 200 0 3 0 0 0 0 2.65306 66642 200-aaapj 
1575 3120 1176 2.65306 0.00085034 200 200 0 4 0 0 0 0 2.65306 66642 200-aaapj 
1600 3120 1176 2.65306 0.00085034 200 199.923 0 3 0 0 0 0 2.65306 66642 200-aaapj 
1625 3120 1176 2.65306 0.00085034 200 199.929 0 3 1 1 0 0 2.65306 66642 200-aaapj 
1650 2470 971 2.54377 0.00102987 200 200.571 0 2 0 0 0 0 2.54377 74266 200-no_name 
1675 3136 773 4.05692 0.00129366 200 200 0 3 0 0 0 0 4.05692 80365 200-aaapo 
1700 3136 773 4.05692 0.00129366 200 200 0 3 0 0 0 0 4.05692 80365 200-aaapo 
1725 2444 769 3.17815 0.00130039 201 200.143 0 2 0 0 0 0 3.17815 80750 201-no_name 
1750 2444 769 3.17815 0.00130039 201 200.111 0 2 0 0 0 0 3.17815 80750 201-no_name 
1775 2405 964 2.49481 0.00103734 200 200.667 0 3 0 0 0 0 2.49481 88625 200-aaapr 
1800 2496 973 2.56526 0.00102775 199 199 0 3 0 0 0 0 2.56526 82102 199-aaacr 
1825 2548 782 3.25831 0.00127877 200 200.333 0 2 0 0 0 0 3.25831 90964 200-aaaps 
1850 3152 779 4.04621 0.0012837 200 200 0 3 0 0 0 0 4.04621 91191 200-aaapw 
1875 2535 775 3.27097 0.00129032 200 200 0 3 0 0 0 0 3.27097 90944 200-aaapy 
1900 3104 971 3.1967 0.00102987 200 200 0 3 0 0 0 0 3.1967 97102 200-aaaqa 
1925 3104 971 3.1967 0.00102987 200 200 0 3 0 0 0 0 3.1967 97102 200-aaaqa 
1950 2418 772 3.13212 0.00129534 202 200 0 2 0 0 0 0 3.13212 95445 202-no_name 
1975 2976 761 3.91064 0.00131406 199 199.6 0 3 0 0 0 0 3.91064 100356 199-aaacs 
2000 2976 761 3.91064 0.00131406 199 199.5 0 2 0 0 0 0 3.91064 100356 199-aaacs 
2025 3152 780 4.04103 0.00128205 201 201 0 2 0 0 0 0 4.04103 105966 201-aaabg 
2050 2535 773 3.27943 0.00129366 200 199.333 0 3 0 0 0 0 3.27943 107329 200-aaaqg 
2075 3152 785 4.01529 0.00127389 201 201.2 0 3 0 0 0 0 4.01529 106744 201-aaabh 
2100 2548 775 3.28774 0.00129032 200 200.4 0 3 0 0 0 0 3.28774 109246 200-aaaqi 
2125 2535 773 3.27943 0.00129366 200 199.111 0 2 0 0 0 0 3.27943 107329 200-aaaqg 
2150 2535 776 3.26675 0.00128866 200 200 0 3 0 0 0 0 3.26675 112633 200-aaaql 
2175 3705 967 3.83144 0.00103413 199 199 0 2 0 0 0 0 3.83144 107405 199-aaacu 
2200 3136 783 4.00511 0.00127714 201 200.75 0 3 0 0 0 0 4.00511 117343 201-aaabi 
2225 2976 965 3.08394 0.00103627 200 200 0 2 0 0 0 0 3.08394 116982 200-no_name 
2250 3120 975 3.2 0.00102564 200 200 0 3 0 0 0 0 3.2 122226 200-aaaqm 
2275 3724 983 3.7884 0.00101729 202 201.5 0 4 0 0 0 0 3.7884 121010 202-aaaae 
2300 3724 983 3.7884 0.00101729 202 201.636 0 4 1 0 0 0 3.7884 121010 202-aaaae 
2325 3496 760 4.6 0.00131579 200 200.333 0 3 0 0 0 0 4.6 128412 200-aaaqo 
2350 3743 777 4.81725 0.001287 200 200 0 3 0 0 0 0 4.81725 128326 200-aaaqp 
2375 3008 766 3.92689 0.00130548 200 199.333 0 2 0 0 0 0 3.92689 128031 200-aaaqq 
2400 2431 764 3.18194 0.0013089 200 200 0 2 0 0 0 0 3.18194 124163 200-no_name 
2425 4334 771 5.62127 0.00129702 200 200 0 3 0 0 0 0 5.62127 134749 200-aaaqs 
2450 4246 773 5.49288 0.00129366 200 200 0 2 0 0 0 0 5.49288 137911 200-aaaqt 
2475 3724 772 4.82383 0.00129534 201 200.333 0 2 0 0 0 0 4.82383 139207 201-aaabl 
2500 4224 970 4.35464 0.00103093 200 200 0 3 0 0 0 0 4.35464 139965 200-aaaqu 
2525 4224 970 4.35464 0.00103093 200 200 0 3 0 0 0 0 4.35464 139965 200-aaaqu 
2550 4268 773 5.52135 0.00129366 200 200 0 3 0 0 0 0 5.52135 143938 200-aaaqv 
2575 4268 773 5.52135 0.00129366 200 200 0 2 0 0 0 0 5.52135 143938 200-aaaqv 
2600 3724 965 3.85907 0.00103627 200 200 0 3 0 0 0 0 3.85907 129755 200-aaaqx 
2625 2544.29 970.714 2.62104 0.00103017 200 199.429 0 3 7 2 0 1 2.6241 142128 200-aaaqy 
2650 2544.29 970.714 2.62104 0.00103017 200 199.429 0 2 0 0 0 0 2.6241 142128 200-aaaqy 
2675 2561 974 2.62936 0.00102669 201 201 0 2 0 0 0 0 2.62936 140887 201-no_name 
2700 3136 779 4.02567 0.0012837 200 200 0 3 0 0 0 0 4.02567 152328 200-aaaqz 
2725 3136 779 4.02567 0.0012837 200 199.857 0 2 0 0 0 0 4.02567 152328 200-aaaqz 
2750 3152 776 4.06186 0.00128866 201 201 0 3 2 2 0 1 4.06186 159330 201-aaabn 
2775 4312 773 5.57827 0.00129366 201 199.286 0 3 0 0 0 0 5.57827 157354 201-aaabo 
2800 2509 769 3.26268 0.00130039 200 200 0 3 0 0 0 0 3.26268 152226 200-aaarb 
2825 3705 775 4.78065 0.00129032 200 200 0 2 0 0 0 0 4.78065 158834 200-no_name 
2850 5460 768 7.10938 0.00130208 200 200.333 0 3 0 0 0 0 7.10938 167643 200-aaard 
2875 5460 768 7.10938 0.00130208 200 200.5 0 3 0 0 0 0 7.10938 167643 200-aaard 
2900 3120 969 3.21981 0.00103199 200 200 0 2 0 0 0 0 3.21981 169176 200-aaare 
2925 4268 766 5.5718 0.00130548 200 200.2 0 3 0 0 0 0 5.5718 168406 200-aaarf 
2950 4875 969 5.03096 0.00103199 200 200 0 3 0 0 0 0 5.03096 170670 200-aaarg 
2975 3072 767 4.00522 0.00130378 200 200 0 3 0 0 0 0 4.00522 169900 200-aaarh 
3000 3072 767 4.00522 0.00130378 200 200 0 2 0 0 0 0 4.00522 169900 200-aaarh 
3025 4312 771 5.59274 0.00129702 200 200 0 3 0 0 0 0 5.59274 179273 200-aaari 
3050 4312 771 5.59274 0.00129702 200 200 0 2 0 0 0 0 5.59274 179273 200-aaari 
3075 4312 771 5.59274 0.00129702 200 200 0 2 0 0 0 0 5.59274 179273 200-aaari 
3100 3648 957 3.81191 0.00104493 199 199 0 2 0 0 0 0 3.81191 182227 199-no_name 
3125 3648 957 3.81191 0.00104493 199 199 0 3 0 0 0 0 3.81191 182227 199-aaacw 
3150 3724 973 3.82734 0.00102775 201 200.5 0 3 2 2 0 1 3.82734 187519 201-aaabp 
3175 3724 973 3.82734 0.00102775 201 200.333 0 2 0 0 0 0 3.82734 187519 201-aaabp 
3200 4312 762 5.65879 0.00131234 200 200 0 2 0 0 0 0 5.65879 183969 200-no_name 
3225 4850 768 6.3151 0.00130208 200 200.6 0 2 0 0 0 0 6.3151 187668 200-no_name 
3250 3104 768 4.04167 0.00130208 200 200 0 3 0 0 0 0 4.04167 189523 200-aaarj 
3275 3104 768 4.04167 0.00130208 200 200.111 0 3 1 0 0 0 4.04167 189523 200-aaarj 
3300 4268 772 5.5285 0.00129534 200 200.091 0 2 0 0 0 0 5.5285 192317 200-no_name 
3325 4875 759 6.42292 0.00131752 200 199.25 0 3 4 2 0 1 6.42292 199801 200-aaark 
3350 4875 759 6.42292 0.00131752 200 199.333 0 2 0 0 0 0 6.42292 199801 200-aaark 
3375 4334 968 4.47727 0.00103306 200 200 0 2 0 0 0 0 4.47727 195229 200-no_name 
3400 5432 771 7.0454 0.00129702 200 200 0 2 0 0 0 0 7.0454 201957 200-no_name 
3425 3056 963 3.17342 0.00103842 200 200 0 2 0 0 0 0 3.17342 204065 200-no_name 
3450 6698 969 6.91228 0.00103199 201 201 0 3 0 0 0 0 6.91228 204933 201-aaabq 
3475 6698 969 6.91228 0.00103199 201 201 0 3 0 0 0 0 6.91228 204933 201-aaabq 
3500 4070 955 4.26178 0.00104712 200 199.286 0 2 0 0 0 0 4.26178 204734 200-no_name 
3525 4070 955 4.26178 0.00104712 200 199.286 0 2 0 0 0 0 4.26178 204734 200-no_name 
3550 5044 769 6.55917 0.00130039 200 200.333 0 2 0 0 0 0 6.55917 212331 200-aaarl 
3575 4312 964 4.47303 0.00103734 200 200 0 2 0 0 0 0 4.47303 211130 200-no_name 
3600 3667 959 3.82377 0.00104275 200 200 0 2 0 0 0 0 3.82377 215374 200-no_name 
3625 3667 959 3.82377 0.00104275 200 200 0 2 0 0 0 0 3.82377 215374 200-no_name 
3650 4290 968 4.43182 0.00103306 200 200 0 2 0 0 0 0 4.43182 214797 200-no_name 
3675 6045 770 7.85065 0.0012987 201 200.6 0 2 0 0 0 0 7.85065 220585 201-no_name 
3700 7220 765 9.43791 0.00130719 201 200 0 3 0 0 0 0 9.43791 226284 201-aaabr 
3725 7220 765 9.43791 0.00130719 201 200 0 3 1 0 0 0 9.43791 226284 201-aaabr 
3750 7220 765 9.43791 0.00130719 201 200 0 2 0 0 0 0 9.43791 226284 201-aaabr 
3775 5488 767 7.15515 0.00130378 201 200.429 0 2 0 0 0 0 7.15515 230847 201-no_name 
3800 4850 972 4.98971 0.00102881 201 201 0 2 0 0 0 0 4.98971 231114 201-no_name 
3825 4246 964 4.40456 0.00103734 200 200.6 0 2 0 0 0 0 4.40456 231666 200-no_name 
3850 7995 969 8.25077 0.00103199 201 201.643 0 3 1 0 0 0 8.25077 230110 201-aaabs 
3875 7995 969 8.25077 0.00103199 201 201.588 0 3 0 0 0 0 8.25077 230110 201-aaabs 
3900 7995 969 8.25077 0.00103199 201 201.55 0 2 0 0 0 0 8.25077 230110 201-aaabs 
3925 5044 760 6.63684 0.00131579 200 200.167 0 3 0 0 0 0 6.63684 237451 200-aaaro 
3950 6790 964 7.04357 0.00103734 200 200 0 2 0 0 0 0 7.04357 240943 200-no_name 
3975 4875 767 6.35593 0.00130378 199 200.4 0 2 0 0 0 0 6.35593 245373 199-no_name 
4000 4656 963 4.83489 0.00103842 200 200 0 3 0 0 0 0 6.44652 243816 200-aaarp 
4025 4656 963 4.83489 0.00103842 200 200 0 3 0 0 0 0 6.44652 243816 200-aaarp 
4050 4510.5 963 4.6838 0.00103842 200 200 0 3 0 0 0 0 6.44652 243816 200-aaarp 
4075 4510.5 963 4.6838 0.00103842 200 200 0 3 0 0 0 0 6.44652 243816 200-aaarp 
4100 4650 759 6.12648 0.00131752 201 200.2 0 2 0 0 0 0 6.12648 227848 201-no_name 
4125 7296 753 9.68924 0.00132802 199 200.5 0 2 0 0 0 0 9.68924 257490 199-no_name 
4150 5568 959 5.80605 0.00104275 199 199 0 2 0 0 0 0 5.80605 256768 199-no_name 
4175 5568 959 5.80605 0.00104275 199 199 0 2 0 0 0 0 5.80605 256768 199-no_name 
4200 4850 761 6.37319 0.00131406 199 201.2 0 3 0 0 0 0 6.37319 261901 199-aaacx 
4225 4850 761 6.37319 0.00131406 199 201.143 0 2 0 0 0 0 6.37319 261901 199-aaacx 
4250 5568 768 7.25 0.00130208 201 201 0 2 0 0 0 0 7.25 263605 201-no_name 
4275 4850 764 6.34817 0.0013089 200 201 0 3 2 2 0 1 7.10995 269833 200-aaarr 
4300 4850 764 6.34817 0.0013089 200 201 0 2 0 0 0 0 7.10995 269833 200-aaarr 
4325 8077 770 10.4896 0.0012987 201 201 0 2 0 0 0 0 10.4896 258926 201-no_name 
4350 4312 773 5.57827 0.00129366 202 200.286 0 2 0 0 0 0 5.57827 267437 202-no_name 
4375 8640 965 8.95337 0.00103627 201 200.125 0 3 0 0 0 0 8.95337 270119 201-aaabv 
4400 4312 766 5.62924 0.00130548 200 200 0 2 0 0 0 0 5.62924 272343 200-no_name 
4425 7448 974 7.64682 0.00102669 202 201.333 0 2 0 0 0 0 7.64682 277391 202-no_name 
4450 3686 963 3.82762 0.00103842 199 201 0 2 0 0 0 0 3.82762 278304 199-aaacz 
4475 6755 964 7.00726 0.00103734 200 200 0 2 0 0 0 0 7.00726 275204 200-no_name 
4500 6755 964 7.00726 0.00103734 200 200 0 2 0 0 0 0 7.00726 275204 200-no_name 
4525 4875 962 5.06757 0.0010395 200 200 0 2 0 0 0 0 5.06757 280584 200-no_name 
4550 4875 962 5.06757 0.0010395 200 200 0 2 0 0 0 0 5.06757 280584 200-no_name 
4575 4875 962 5.06757 0.0010395 200 200 0 2 0 0 0 0 5.06757 280584 200-no_name 
4600 9165 964 9.50726 0.00103734 201 201 0 2 0 0 0 0 9.50726 281178 201-no_name 
4625 7410 966 7.67081 0.0010352 200 200 0 2 0 0 0 0 7.67081 294623 200-aaaru 
4650 5742 764 7.51571 0.0013089 201 201 0 2 0 0 0 0 7.51571 295529 201-no_name 
4675 5220.5 973 5.36536 0.00102775 201 201 0 2 0 0 0 0 5.66906 293411 201-no_name 
4700 5043.2 973 5.18314 0.00102775 201 201 0 2 0 0 0 0 5.66906 293411 201-no_name 
4725 7524 769 9.78414 0.00130039 202 200.375 0 2 0 0 0 0 9.78414 298191 202-no_name 
4750 7524 769 9.78414 0.00130039 202 200.4 0 2 0 0 0 0 9.78414 298191 202-no_name 
4775 7524 769 9.78414 0.00130039 202 200.417 0 2 0 0 0 0 9.78414 298191 202-no_name 
4800 7749 769 10.0767 0.00130039 202 201 0 2 0 0 0 0 10.0767 303308 202-no_name 
4825 8730 758 11.5172 0.00131926 200 201 0 3 0 0 0 0 11.5172 302711 200-aaarv 
4850 8730 758 11.5172 0.00131926 200 200.818 0 2 0 0 0 0 11.5172 302711 200-aaarv 
4875 8730 758 11.5172 0.00131926 200 200.643 0 2 0 0 0 0 11.5172 302711 200-aaarv 
4900 7220 756 9.55026 0.00132275 199 200.8 0 3 0 0 0 0 9.55026 312242 199-aaada 
4925 6048 752 8.04255 0.00132979 200 201 0 3 0 0 0 0 8.04255 316998 200-aaarw 
4950 10780 966 11.1594 0.0010352 201 201 0 3 0 0 0 0 11.1594 313614 201-aaabz 
4975 12416 771 16.1038 0.00129702 201 200.111 0 2 1 0 0 0 16.1038 319619 201-aaaca 
5000 4940 953 5.18363 0.00104932 200 200 0 3 0 0 0 0 5.18363 317819 200-aaarx 
5025 12416 771 16.1038 0.00129702 201 200.063 0 3 0 0 0 0 16.1038 319619 201-aaaca 
5050 12416 771 16.1038 0.00129702 201 200.048 0 2 0 0 0 0 16.1038 319619 201-aaaca 
5075 8580 765 11.2157 0.00130719 202 200.4 0 2 2 0 0 0 11.2157 327763 202-aaaag 
5100 8580 765 11.2157 0.00130719 202 200.429 0 2 0 0 0 0 11.2157 327763 202-aaaag 
5125 8580 765 11.2157 0.00130719 202 200.444 0 3 0 0 0 0 11.2157 327763 202-aaaag 
5150 7448 965 7.71813 0.00103627 201 201 0 2 0 0 0 0 7.71813 323228 201-no_name 
5175 9639 768 12.5508 0.00130208 202 201 0 3 0 0 0 0 12.5508 333834 202-aaaah 
5200 9639 768 12.5508 0.00130208 202 201 0 2 0 0 0 0 12.5508 333834 202-aaaah 
5225 9118 955 9.54764 0.00104712 201 201 0 2 0 0 0 0 9.54764 334944 201-no_name 
5250 7334 761 9.63732 0.00131406 201 201.25 0 2 0 0 0 0 9.63732 334821 201-no_name 
5275 7410 770 9.62338 0.0012987 201 201 0 2 0 0 0 0 9.62338 332512 201-no_name 
5300 8836 755 11.7033 0.0013245 200 200.455 0 2 0 0 0 0 11.7033 339955 200-no_name 
5325 8836 755 11.7033 0.0013245 200 200.462 0 2 0 0 0 0 11.7033 339955 200-no_name 
5350 8766 966 9.07453 0.0010352 201 200.6 0 2 0 0 0 0 9.08385 345524 201-no_name 
5375 5927.2 963.2 6.15365 0.00103821 201 201 0 2 0 0 0 0 6.17427 346292 201-no_name 
5400 9500 953 9.96852 0.00104932 199 199.667 0 2 0 0 0 0 9.96852 343789 199-no_name 
5425 8274 961 8.60978 0.00104058 200 200 0 2 0 0 0 0 8.60978 346313 200-no_name 
5450 12936 960 13.475 0.00104167 200 200.667 0 3 0 0 0 0 13.475 346069 200-aaary 
5475 7178 953 7.532 0.00104932 201 201 0 2 0 0 0 0 7.532 356180 201-no_name 
5500 5488 959 5.72263 0.00104275 200 200 0 2 0 0 0 0 5.72263 356160 200-no_name 
5525 5684 969 5.86584 0.00103199 201 201 0 2 0 0 0 0 5.86584 358879 201-no_name 
5550 7410 967 7.66287 0.00103413 201 201 0 3 0 0 0 0 7.66287 359644 201-aaacc 
5575 9360 956 9.79079 0.00104603 200 200 0 2 0 0 0 0 9.79079 353310 200-no_name 
5600 6014 950 6.33053 0.00105263 199 199.667 0 2 0 0 0 0 6.33053 362464 199-no_name 
5625 6587.5 954.75 6.89971 0.00104739 200 200 0 2 0 0 0 0 6.90681 364507 200-no_name 
5650 6587.5 954.75 6.89971 0.00104739 200 200 0 2 0 0 0 0 6.90681 364507 200-no_name 
5675 10512 957 10.9843 0.00104493 200 200 0 2 0 0 0 0 11.0031 368801 200-aaasa 
5700 10509.8 957 10.982 0.00104493 200 200 0 2 0 0 0 0 11.0031 368801 200-aaasa 
5725 10508.4 957 10.9806 0.00104493 200 200 0 2 0 0 0 0 11.0031 368801 200-aaasa 
5750 11760 771 15.2529 0.00129702 201 200 0 2 0 0 0 0 15.2529 371939 201-no_name 
5775 4246 758 5.60158 0.00131926 201 201 0 2 0 0 0 0 5.60158 375685 201-no_name 
5800 7410 964 7.68672 0.00103734 201 201 0 2 0 0 0 0 7.68672 377443 201-no_name 
5825 10368 756 13.7143 0.00132275 201 200.429 0 2 0 0 0 0 13.7143 381293 201-no_name 
5850 10368 756 13.7143 0.00132275 201 200.444 0 2 0 0 0 0 13.7143 381293 201-no_name 
5875 10206 758 13.4644 0.00131926 200 200.429 0 2 0 0 0 0 13.4644 385194 200-no_name 
5900 8213 957 8.58203 0.00104493 200 200.222 0 2 0 0 0 0 8.58203 374976 200-no_name 
5925 8492 957 8.87356 0.00104493 202 202 0 2 0 0 0 0 8.87356 386761 202-no_name 
5950 8492 957 8.87356 0.00104493 202 202 0 2 0 0 0 0 8.87356 386761 202-no_name 
5975 9850 767 12.8422 0.00130378 201 199.556 0 2 0 0 0 0 12.8422 389803 201-no_name 
6000 9850 767 12.8422 0.00130378 201 199.545 0 2 0 0 0 0 12.8422 389803 201-no_name 
6025 10584 757 13.9815 0.001321 201 200 0 2 0 0 0 0 13.9815 391179 201-no_name 
6050 13943 756 18.4431 0.00132275 201 200.769 0 2 0 0 0 0 18.4431 394947 201-no_name 
6075 13943 756 18.4431 0.00132275 201 200.875 0 2 0 0 0 0 18.4431 394947 201-no_name 
6100 7252 754 9.61804 0.00132626 201 201.375 0 2 0 0 0 0 9.61804 395471 201-no_name 
6125 6755 758 8.91161 0.00131926 200 201 0 2 0 0 0 0 8.91161 402032 200-no_name 
6150 11564 756 15.2963 0.00132275 201 201 0 2 0 0 0 0 15.2963 402408 201-no_name 
6175 8011.4 952.4 8.41179 0.00104998 200 200 0 2 0 0 0 0 8.43232 405550 200-no_name 
6200 6545 751.5 8.70924 0.00133067 200 200.833 0 2 0 0 0 0 8.72606 401850 200-no_name 
6225 6540.75 751.375 8.70503 0.00133089 200 200.75 0 2 0 0 0 0 8.72606 401850 200-no_name 
6250 6562 764 8.58901 0.0013089 201 200.75 0 2 0 0 0 0 8.58901 409156 201-no_name 
6275 10422 758 13.7493 0.00131926 201 202.25 0 2 0 0 0 0 13.7493 409464 201-no_name 
6300 7527 764 9.85209 0.0013089 201 201 0 2 0 0 0 0 9.85209 416165 201-no_name 
6325 9216 768 12 0.00130208 201 200.75 0 2 0 0 0 0 12 417614 201-no_name 
6350 7995 766 10.4373 0.00130548 201 201 0 2 0 0 0 0 10.4373 421699 201-no_name 
6375 7995 766 10.4373 0.00130548 201 201 0 2 0 0 0 0 10.4373 421699 201-no_name 
6400 13510 958 14.1023 0.00104384 201 202 0 3 8 2 0 1 14.1023 417133 201-aaace 
6425 7995 748 10.6885 0.0013369 200 200 0 2 0 0 0 0 10.6885 427019 200-no_name 
6450 7995 748 10.6885 0.0013369 200 200.2 0 2 0 0 0 0 10.6885 427019 200-no_name 
6475 8832 749 11.7917 0.00133511 201 201 0 2 0 0 0 0 11.7917 423155 201-no_name 
6500 11328 952 11.8992 0.00105042 200 200 0 2 0 0 0 0 11.8992 431222 200-no_name 
6525 11328 952 11.8992 0.00105042 200 200 0 2 0 0 0 0 11.8992 431222 200-no_name 
6550 11505 962 11.9595 0.0010395 201 201 0 2 0 0 0 0 11.9595 429166 201-no_name 
6575 11505 962 11.9595 0.0010395 201 201 0 2 0 0 0 0 11.9595 429166 201-no_name 
6600 7995 761 10.5059 0.00131406 201 201 0 2 0 0 0 0 10.5059 433775 201-no_name 
6625 7995 761 10.5059 0.00131406 201 201 0 2 0 0 0 0 10.5059 433775 201-no_name 
6650 7995 761 10.5059 0.00131406 201 201 0 2 0 0 0 0 10.5059 433775 201-no_name 
6675 7995 761 10.5059 0.00131406 201 201 0 2 0 0 0 0 10.5059 433775 201-no_name 
6700 9400 953 9.86359 0.00104932 201 201 0 2 0 0 0 0 9.86359 445243 201-no_name 
6725 9146.67 760 12.0351 0.00131579 201 200.167 0 2 0 0 0 0 13.9263 442365 201-no_name 
6750 14700 754 19.496 0.00132626 200 201.4 0 3 0 0 0 0 19.496 449992 200-aaasb 
6775 14700 754 19.496 0.00132626 200 201.625 0 2 0 0 0 0 19.496 449992 200-aaasb 
6800 10087.7 947 10.6522 0.00105597 199 200.333 0 2 0 0 0 0 10.6895 452677 199-no_name 
6825 9987.2 947 10.5461 0.00105597 199 200.2 0 2 0 0 0 0 10.6895 452677 199-no_name 
6850 10018.4 947 10.5791 0.00105597 199 200.143 0 2 0 0 0 0 10.6895 452677 199-no_name 
6875 10035.8 947 10.5974 0.00105597 199 200.111 0 2 0 0 0 0 10.6895 452677 199-no_name 
6900 12931 962 13.4418 0.0010395 201 201.6 0 2 0 0 0 0 13.4418 459345 201-no_name 
6925 10530 972 10.8333 0.00102881 203 203 0 2 0 0 0 0 10.8333 462188 203-no_name 
6950 7141 751 9.50866 0.00133156 201 201 0 2 0 0 0 0 9.50866 464075 201-no_name 
6975 7215 761 9.48095 0.00131406 200 200.333 0 2 0 0 0 0 9.48095 467663 200-no_name 
7000 6630 966 6.86335 0.0010352 201 201 0 2 0 0 0 0 6.86335 469236 201-no_name 
7025 13132 964 13.6224 0.00103734 201 201 0 2 0 0 0 0 13.6224 470461 201-no_name 
7050 13132 964 13.6224 0.00103734 201 201 0 2 0 0 0 0 13.6224 470461 201-no_name 
7075 13132 964 13.6224 0.00103734 201 201 0 2 0 0 0 0 13.6224 470461 201-no_name 
7100 12870 969 13.2817 0.00103199 202 202 0 2 0 0 0 0 13.2817 471076 202-no_name 
7125 15990 754 21.2069 0.00132626 201 201 0 3 1 0 0 0 21.2069 476228 201-aaacg 
7150 15990 754 21.2069 0.00132626 201 200.857 0 2 0 0 0 0 21.2069 476228 201-aaacg 
7175 15990 754 21.2069 0.00132626 201 200.824 0 2 1 0 0 0 21.2069 476228 201-aaacg 
7200 17640 956 18.4519 0.00104603 201 201 0 2 0 0 0 0 18.4519 479430 201-no_name 
7225 14592 756 19.3016 0.00132275 200 201 0 3 0 0 0 0 19.3016 486598 200-aaasc 
7250 17640 956 18.4519 0.00104603 201 201 0 2 0 0 0 0 18.4519 479430 201-no_name 
7275 17640 956 18.4519 0.00104603 201 201 0 2 0 0 0 0 18.4519 479430 201-no_name 
7300 16965 757 22.4108 0.001321 201 201 0 2 0 0 0 0 22.4108 492223 201-no_name 
7325 15662 952 16.4517 0.00105042 201 202.333 0 2 0 0 0 0 16.4517 491553 201-no_name 
7350 12285 764 16.0798 0.0013089 201 201 0 3 4 2 0 1 16.0798 494484 201-aaach 
7375 16704 961 17.3819 0.00104058 200 200.667 0 3 0 0 0 0 17.3819 495947 200-aaasd 
7400 16704 961 17.3819 0.00104058 200 200.5 0 2 0 0 0 0 17.3819 495947 200-aaasd 
7425 16704 961 17.3819 0.00104058 200 200.4 0 2 0 0 0 0 17.3819 495947 200-aaasd 
7450 14861 948 15.6762 0.00105485 201 201 0 2 0 0 0 0 15.6762 493658 201-no_name 
7475 8492 962 8.82744 0.0010395 200 200.6 0 2 0 0 0 0 8.82744 500808 200-no_name 
7500 8492 962 8.82744 0.0010395 200 200.6 0 2 0 0 0 0 8.82744 500808 200-no_name 
7525 8492 962 8.82744 0.0010395 200 200.571 0 2 0 0 0 0 8.82744 500808 200-no_name 
7550 8492 962 8.82744 0.0010395 200 200.556 0 2 0 0 0 0 8.82744 500808 200-no_name 
7575 8492 962 8.82744 0.0010395 200 200.556 0 2 0 0 0 0 8.82744 500808 200-no_name 
7600 13490 950 14.2 0.00105263 201 200.333 0 2 0 0 0 0 14.2 514386 201-no_name 
7625 12285 954 12.8774 0.00104822 201 201 0 2 0 0 0 0 12.8774 514184 201-no_name 
7650 12285 954 12.8774 0.00104822 201 201 0 2 0 0 0 0 12.8774 514184 201-no_name 
7675 12285 954 12.8774 0.00104822 201 201 0 2 0 0 0 0 12.8774 514184 201-no_name 
7700 10737 756.8 14.1872 0.00132135 200 200.2 0 3 0 0 0 0 14.3514 517838 200-aaase 
7725 10625.9 756.625 14.0435 0.00132166 200 200.375 0 3 0 0 0 0 14.3514 517838 200-aaase 
7750 10633.1 756.636 14.0529 0.00132164 200 200.455 0 3 0 0 0 0 14.3514 517838 200-aaase 
7775 15054 954 15.7799 0.00104822 200 199.4 0 2 0 0 0 0 15.7799 526336 200-no_name 
7800 16380.7 754.571 21.7087 0.00132526 200 201.143 0 3 0 0 0 0 21.7573 525876 200-aaasf 
7825 16388 754.4 21.7233 0.00132556 200 200.9 0 2 1 0 0 0 21.7573 525876 200-aaasf 
7850 9165 757 12.107 0.001321 200 200.25 0 2 0 0 0 0 12.107 531093 200-aaasg 
7875 12936 959 13.4891 0.00104275 201 201.75 0 3 0 0 0 0 13.4891 532891 201-aaaci 
7900 13248 954 13.8868 0.00104822 201 200.333 0 3 0 0 0 0 13.8868 533370 201-aaacj 
7925 14162 760 18.6342 0.00131579 200 199 0 3 0 0 0 0 18.6342 539024 200-aaasi 
7950 12972 950 13.6547 0.00105263 201 201 0 2 0 0 0 0 13.6547 534086 201-no_name 
7975 12972 950 13.6547 0.00105263 201 201 0 2 0 0 0 0 13.6547 534086 201-no_name 
8000 13752 752 18.2872 0.00132979 201 201 0 2 0 0 0 0 18.2872 545556 201-no_name 
8025 16512 957 17.2539 0.00104493 201 201 0 2 0 0 0 0 17.2539 546142 201-no_name 
8050 9700 957 10.1358 0.00104493 201 201 0 2 0 0 0 0 10.1358 539486 201-no_name 
8075 9964 756 13.1799 0.00132275 202 201.667 0 2 0 0 0 0 13.1799 544914 202-no_name 
8100 9964 756 13.1799 0.00132275 202 201.625 0 2 0 0 0 0 13.1799 544914 202-no_name 
8125 14896 759 19.6258 0.00131752 201 201 0 2 0 0 0 0 19.6258 549604 201-no_name 
8150 13580 764 17.7749 0.0013089 201 201 0 2 0 0 0 0 17.7749 555883 201-aaacm 
8175 8316 948 8.77215 0.00105485 200 199.2 0 2 0 0 0 0 8.77215 549322 200-no_name 
8200 8316 948 8.77215 0.00105485 200 199.2 0 2 0 0 0 0 8.77215 549322 200-no_name 
8225 16915 969 17.4561 0.00103199 203 203 0 3 0 0 0 0 17.4561 554112 203-aaaab 
8250 15936 961 16.5827 0.00104058 202 201.364 0 2 0 0 0 0 16.5827 555225 202-no_name 
8275 15936 961 16.5827 0.00104058 202 201.385 0 2 0 0 0 0 16.5827 555225 202-no_name 
8300 17295.7 956 18.0917 0.00104603 200 200 0 2 0 0 0 0 18.1538 560729 200-no_name 
8325 10692 969 11.0341 0.00103199 201 201 0 2 0 0 0 0 11.0341 565826 201-aaaco 
8350 10692 969 11.0341 0.00103199 201 201 0 2 0 0 0 0 11.0341 565826 201-aaaco 
8375 12285 756 16.25 0.00132275 200 201 0 2 0 0 0 0 16.25 567513 200-no_name 
8400 11763 951 12.3691 0.00105152 201 201 0 2 0 0 0 0 12.8538 562017 201-no_name 
8425 8580 955 8.98429 0.00104712 200 200.667 0 2 0 0 0 0 8.98429 574755 200-no_name 
8450 11446 748 15.3021 0.0013369 200 200 0 2 0 0 0 0 15.3021 576154 200-no_name 
8475 9071 963 9.41952 0.00103842 201 201 0 2 0 0 0 0 9.41952 578081 201-no_name 
8500 9071 963 9.41952 0.00103842 201 201 0 2 0 0 0 0 9.41952 578081 201-no_name 
8525 15440 746 20.6971 0.00134048 199 201.571 0 2 0 0 0 0 20.6971 581000 199-no_name 
8550 10345.6 757.2 13.663 0.00132066 201 201 0 2 0 0 0 0 13.7045 583146 201-no_name 
8575 11001 752 14.629 0.00132979 200 200.667 0 2 0 0 0 0 14.629 578989 200-no_name 
8600 11001 752 14.629 0.00132979 200 200.636 0 2 0 0 0 0 14.629 578989 200-no_name 
8625 11001 752 14.629 0.00132979 200 200.615 0 2 0 0 0 0 14.629 578989 200-no_name 
8650 15936 762 20.9134 0.00131234 201 200.6 0 2 0 0 0 0 20.9134 579674 201-no_name 
8675 11760 968 12.1488 0.00103306 201 200.444 0 2 0 0 0 0 12.1488 587090 201-no_name 
8700 11760 968 12.1488 0.00103306 201 200.444 0 2 0 0 0 0 12.1488 587090 201-no_name 
8725 11966 750 15.9547 0.00133333 200 200 0 2 0 0 0 0 15.9547 596139 200-no_name 
8750 11966 750 15.9547 0.00133333 200 200 0 2 0 0 0 0 15.9547 596139 200-no_name 
8775 9264 757 12.2378 0.001321 201 201 0 2 0 0 0 0 12.2378 591851 201-no_name 
8800 13580 961 14.1311 0.00104058 201 200.333 0 2 0 0 0 0 14.1311 604013 201-aaacp 
8825 13580 961 14.1311 0.00104058 201 200.6 0 2 0 0 0 0 14.1311 604013 201-aaacp 
8850 11387 752 15.1423 0.00132979 200 200 0 2 0 0 0 0 15.1423 600373 200-no_name 
8875 14744 953 15.4711 0.00104932 200 200.75 0 2 0 0 0 0 15.4711 596639 200-no_name 
8900 16102 760 21.1868 0.00131579 200 200.214 0 2 0 0 0 0 21.1868 600413 200-no_name 
8925 16351 953 17.1574 0.00104932 201 201 0 2 0 0 0 0 17.1574 612171 201-no_name 
8950 16426 948 17.327 0.00105485 201 201.667 0 2 0 0 0 0 17.73 615744 201-no_name 
8975 17640 960 18.375 0.00104167 201 201 0 2 0 0 0 0 18.375 614819 201-no_name 
9000 11834 761 15.5506 0.00131406 201 200 0 2 0 0 0 0 15.5506 609796 201-no_name 
9025 16770 953 17.5971 0.00104932 202 202 0 3 0 0 0 0 17.5971 619387 202-aaaaj 
9050 12832.3 949 13.5219 0.00105374 201 201 0 2 0 0 0 0 13.5616 614251 201-no_name 
9075 12786.3 950 13.4592 0.00105263 200 200 0 2 0 0 0 0 14.2211 614580 200-aaasj 
9100 13065 763 17.1232 0.00131062 203 200.6 0 2 0 0 0 0 17.1232 620245 203-no_name 
9125 16984 960 17.6917 0.00104167 201 201 0 2 0 0 0 0 17.6917 620664 201-no_name 
9150 13662 964 14.1722 0.00103734 202 202 0 2 0 0 0 0 14.1722 629934 202-no_name 
9175 13411.8 963.8 13.9153 0.00103756 202 202 0 2 0 0 0 0 14.1722 629934 202-no_name 
9200 13304.6 963.714 13.8052 0.00103765 202 202 0 2 0 0 0 0 14.1722 629934 202-no_name 
9225 13915.3 762 18.2615 0.00131234 201 201 0 2 0 0 0 0 18.4895 625941 201-no_name 
9250 15744 758 20.7704 0.00131926 200 200.667 0 2 0 0 0 0 20.7704 631934 200-no_name 
9275 15744 758 20.7704 0.00131926 200 200.615 0 2 0 0 0 0 20.7704 631934 200-no_name 
9300 15730 950 16.5579 0.00105263 200 200 0 2 0 0 0 0 18.0632 639008 200-no_name 
9325 11834 751 15.7577 0.00133156 200 200.4 0 2 0 0 0 0 15.7577 641399 200-no_name 
9350 21364 758 28.1847 0.00131926 201 201 0 2 0 0 0 0 28.1847 642880 201-no_name 
9375 3629 748 4.8516 0.0013369 201 201 0 2 0 0 0 0 4.8516 646637 201-no_name 
9400 11712 955 12.2639 0.00104712 202 202 0 2 0 0 0 0 12.2639 644904 202-no_name 
9425 11712 955 12.2639 0.00104712 202 202 0 2 0 0 0 0 12.2639 644904 202-no_name 
9450 11733.5 956.75 12.2639 0.00104521 200 200.75 0 2 0 0 0 0 12.4295 648334 200-no_name 
9475 11058 756 14.627 0.00132275 201 201 0 2 0 0 0 0 14.627 651383 201-no_name 
9500 11058 756 14.627 0.00132275 201 201 0 2 0 0 0 0 14.627 651383 201-no_name 
9525 11058 756 14.627 0.00132275 201 201 0 2 0 0 0 0 14.627 651383 201-no_name 
9550 13224 742.667 17.8061 0.0013465 200 200 0 2 0 0 0 0 17.8304 654308 200-no_name 
9575 11310 766 14.765 0.00130548 202 200.5 0 2 0 0 0 0 14.765 655154 202-no_name 
9600 17622 966 18.2422 0.0010352 203 203 0 2 0 0 0 0 18.2422 661544 203-no_name 
9625 9105.18 753.727 12.0802 0.00132674 200 199.818 0 2 0 0 0 0 12.0928 646602 200-no_name 
9650 16841.5 745 22.606 0.00134228 201 201 0 2 0 0 0 0 23.2188 661839 201-no_name 
9675 12222 953 12.8248 0.00104932 200 200 0 2 0 0 0 0 12.8248 656742 200-no_name 
9700 10140 957 10.5956 0.00104493 201 201 0 3 0 0 0 0 10.5956 662707 201-aaacq 
9725 14430 956 15.0941 0.00104603 201 201 0 2 0 0 0 0 15.0941 673048 201-no_name 
9750 16856 968 17.4132 0.00103306 202 201.25 0 2 0 0 0 0 17.4132 668846 202-no_name 
9775 14308 961 14.8887 0.00104058 201 201.667 0 2 0 0 0 0 14.8887 676962 201-aaacr 
9800 15168 758 20.0106 0.00131926 202 200 0 2 0 0 0 0 20.0106 675689 202-no_name 
9825 15168 758 20.0106 0.00131926 202 200 0 2 0 0 0 0 20.0106 675689 202-no_name 
9850 13720 761 18.0289 0.00131406 201 201 0 2 0 0 0 0 18.0289 679854 201-no_name 
9875 7283.33 946.667 7.69365 0.00105634 201 201.667 0 2 0 0 0 0 7.70433 680746 201-aaacs 
9900 12738 756 16.8492 0.00132275 202 201.6 0 2 0 0 0 0 16.8492 684229 202-no_name 
9925 12348 950 12.9979 0.00105263 201 201 0 2 0 0 0 0 12.9979 681803 201-no_name 
9950 17664 755 23.396 0.0013245 201 200.714 0 2 0 0 0 0 23.396 680999 201-no_name 
9975 17664 755 23.396 0.0013245 201 200.688 0 2 0 0 0 0 23.396 680999 201-no_name 
10000 20488.2 744 27.5379 0.00134409 200 201 0 2 0 0 0 0 27.871 690824 200-no_name 
