# Avida Average Data
# Fri Oct 16 06:01:46 2015
#  1: Update
#  2: Merit
#  3: Gestation Time
#  4: Fitness
#  5: Repro Rate?
#  6: (deprecated) Size
#  7: Copied Size
#  8: Executed Size
#  9: (deprecated) Abundance
# 10: Proportion of organisms that gave birth in this update
# 11: Proportion of Breed True Organisms
# 12: (deprecated) Genotype Depth
# 13: Generation
# 14: Neutral Metric
# 15: Lineage Label
# 16: True Replication Rate (based on births/update, time-averaged)

0 196.75 887.5 0 0 0 199.75 196.75 0 1 1 0 0 0 0 0 
25 196.75 887.5 0.0624208 0 0 199.75 196.75 0 0 0 0 0.25 0.141912 0 0 
50 196.75 887.5 0.224486 0 0 199.75 196.75 0 0 0 0 1.05 0.120403 0 0 
75 196.75 887.5 0.224486 0 0 199.75 196.75 0 0 0 0 2.05 0.0241735 0 0 
100 196.738 882.81 0.225686 0 0 199.762 196.762 0 0.047619 0.047619 0 3 -0.148637 0 0 
125 196.743 861.889 0.231019 0 0 199.815 196.796 0 0 0 0 3.64815 -0.253114 0 0 
150 196.734 916.766 0.217 0 0 199.702 196.67 0 0 0 0 4.42553 -0.0580875 0 0 
175 196.641 901.944 0.220709 0 0 199.704 196.63 0 0 0 0 5.32407 0.23252 0 0 
200 196.329 895.155 0.2219 0 0 199.672 196.147 0 0 0 0 6.18103 0.396844 0 0 
225 196.357 885.087 0.224636 0 0 199.651 196.317 0 0 0 0 6.83333 0.505902 0 0 
250 196.478 872.365 0.228325 0 0 199.698 196.505 0 0 0 0 8.02604 0.344257 0 0 
275 196.427 916.075 0.217005 0 0 199.673 196.324 0 0 0 0 8.88589 0.721884 0 0 
300 196.335 908.225 0.21899 0 0 199.652 196.31 0 0.004329 0.004329 0 9.6039 1.03398 0 0 
325 196.294 896.841 0.221762 0 0 199.629 196.297 0 0.0332103 0.0258303 0 10.2768 1.19689 0 0 
350 196.237 880.533 0.225916 0 0 199.629 196.311 0 0 0 0 11.2527 1.25002 0 0 
375 196.172 866.078 0.229389 0 0 199.647 196.146 0 0.00541028 0.00180343 0 12.5239 0.859092 0 0 
400 196.219 919.103 0.215994 0 0 199.66 196.197 0 0.030286 0.0168256 0 13.235 0.956846 0 0 
425 196.012 907.822 0.21857 0 0 199.634 195.962 0 0.0371267 0.0225989 0 13.8596 1.09086 0 0 
450 196.258 893.869 0.222748 0 0 199.634 195.901 0 0.00618151 0.00280978 0 14.6561 1.05496 0 0 
475 196.488 881.101 0.225779 0 0 199.644 195.874 0 0.00666667 0.00444444 0 15.7142 0.981003 0 0 
500 197.657 864.548 0.231203 0 0 199.665 195.769 0 0.0272222 0.015 0 16.7356 0.916315 0 0.0833111 
525 202.046 883.291 0.233332 0 0 199.66 195.662 0 0.0316667 0.0177778 0 17.3931 1.07158 0 0.0761783 
550 209.929 914.477 0.236903 0 0 199.685 195.501 0 0.0138889 0.01 0 18.3022 1.00187 0 0.0830783 
575 231.128 899.518 0.270298 0 0 199.707 195.68 0 0.0261111 0.0155556 0 19.3967 0.987325 0 0.0915058 
600 280.285 906.963 0.322976 0 0 199.735 195.598 0 0.03 0.02 0 20.5656 0.994664 0 0.0991522 
625 415.058 916.91 0.46433 0 0 199.776 195.646 0 0.0188889 0.01 0 22.29 0.780868 0 0.107659 
650 629.011 919.035 0.719427 0 0 199.833 195.542 0 0.0238889 0.0177778 0 24.6111 0.41379 0 0.116377 
675 887.402 921.153 0.987056 0 0 199.886 195.476 0 0.0222222 0.0161111 0 26.8103 0.181846 0 0.140182 
700 1098.36 923.363 1.20884 0 0 199.915 195.469 0 0.0216667 0.015 0 28.7697 -0.0183251 0 0.172334 
725 1298.87 924.935 1.42175 0 0 199.943 195.491 0 0.0166667 0.00944444 0 30.6694 -0.332478 0 0.211848 
750 1465.91 924.428 1.6206 0 0 199.982 195.47 0 0.0233333 0.0133333 0 32.5853 -0.575686 0 0.252968 
775 1604.57 923.2 1.7719 0 0 199.993 195.295 0 0.0233333 0.0133333 0 34.0739 -0.583523 0 0.296953 
800 1699.01 922.033 1.86996 0 0 199.987 195.321 0 0.0194444 0.00888889 0 35.4903 -0.642895 0 0.347577 
825 1782.21 922.935 1.95423 0 0 199.983 195.144 0 0.0238889 0.0133333 0 36.7922 -0.821112 0 0.405515 
850 1854.36 923.474 2.02818 0 0 199.968 194.991 0 0.0205556 0.0127778 0 37.7556 -0.631267 0 0.46352 
875 1908.27 922.906 2.09911 0 0 199.984 194.904 0 0.0244444 0.0133333 0 38.7217 -0.603726 0 0.5192 
900 1971.31 921.989 2.17321 0 0 199.989 194.919 0 0.02 0.0122222 0 39.7689 -0.37724 0 0.578537 
925 2017.72 923.192 2.21658 0 0 199.999 194.951 0 0.0227778 0.0116667 0 40.6692 -0.534775 0 0.64072 
950 2069.85 923.736 2.27386 0 0 199.998 194.899 0 0.0194444 0.0127778 0 41.5167 -0.346834 0 0.706192 
975 2110.99 923.693 2.31906 0 0 199.981 194.88 0 0.0188889 0.0122222 0 42.5144 -0.128802 0 0.772142 
1000 2148.84 924.78 2.35722 0 0 199.984 194.818 0 0.0155556 0.00833333 0 43.4272 0.0439029 0 0.841447 
1025 2170.21 923.734 2.38417 0 0 199.987 194.834 0 0.0205556 0.0111111 0 44.2892 0.0786546 0 0.90853 
1050 2195.78 921.263 2.42284 0 0 199.994 194.765 0 0.02 0.0133333 0 45.12 -0.145453 0 0.975703 
1075 2195.28 919.425 2.42061 0 0 199.991 194.616 0 0.0266667 0.0144444 0 46.0017 -0.424224 0 1.03951 
1100 2225.57 920.253 2.45515 0 0 199.998 194.669 0 0.0183333 0.0111111 0 46.8797 -0.346708 0 1.10524 
1125 2220.87 919.96 2.44625 0 0 200.019 194.498 0 0.0166667 0.00888889 0 47.5628 -0.545255 0 1.16698 
1150 2239.59 920.274 2.46248 0 0 200.009 194.492 0 0.0211111 0.0116667 0 48.4225 -0.478426 0 1.22704 
1175 2259.51 919.564 2.48881 0 0 200.021 194.277 0 0.0155556 0.00777778 0 49.3681 -0.429741 0 1.27619 
1200 2268.66 919.323 2.50286 0 0 200.015 194.414 0 0.0183333 0.0127778 0 50.0653 -0.339503 0 1.31664 
1225 2271.89 919.867 2.49729 0 0 200.019 194.492 0 0.0227778 0.0127778 0 50.9522 -0.499511 0 1.3505 
1250 2281.19 917.881 2.51288 0 0 200.023 194.334 0 0.0233333 0.0172222 0 51.8772 -0.371874 0 1.37729 
1275 2297.57 920.945 2.51767 0 0 200 194.203 0 0.0177778 0.0116667 0 52.4897 -0.39069 0 1.40448 
1300 2304.17 923.031 2.52612 0 0 199.983 194.311 0 0.0205556 0.00888889 0 53.2444 -0.533198 0 1.43061 
1325 2312.69 921.918 2.53473 0 0 199.986 194.143 0 0.0183333 0.01 0 54.1278 -0.498787 0 1.44974 
1350 2329.07 922.556 2.55763 0 0 199.997 194.224 0 0.0255556 0.0172222 0 55.0303 -0.789567 0 1.46714 
1375 2333.57 922.574 2.56382 0 0 200.003 194.171 0 0.0255556 0.0138889 0 55.7917 -0.888234 0 1.48294 
1400 2335.82 920.828 2.5719 0 0 200.002 194.259 0 0.0227778 0.0144444 0 56.7044 -0.974652 0 1.49462 
1425 2347.49 922.159 2.57963 0 0 200.024 194.25 0 0.0244444 0.0144444 0 57.5408 -0.797447 0 1.5118 
1450 2364.1 919.906 2.59846 0 0 200.015 194.098 0 0.0194444 0.0133333 0 58.4331 -0.80276 0 1.5206 
1475 2374.41 921.376 2.61082 0 0 200.031 194.224 0 0.0238889 0.0144444 0 59.2781 -0.744534 0 1.52973 
1500 2383.73 922.475 2.61236 0 0 200.035 194.193 0 0.0205556 0.0111111 0 60.1031 -0.796946 0 1.53762 
1525 2382.92 920.697 2.62436 0 0 200.042 194.224 0 0.03 0.015 0 60.685 -0.616685 0 1.54171 
1550 2385.87 919.124 2.62922 0 0 200.047 194.243 0 0.0183333 0.0111111 0 61.3208 -0.44823 0 1.54836 
1575 2388.09 918.711 2.63024 0 0 200.056 194.222 0 0.0244444 0.0127778 0 62.1778 -0.341583 0 1.55696 
1600 2384.83 919.778 2.62302 0 0 200.072 194.181 0 0.015 0.00777778 0 62.9144 -0.090163 0 1.56624 
1625 2389.46 921.016 2.62231 0 0 200.042 194.173 0 0.0211111 0.015 0 63.625 -0.0503165 0 1.57377 
1650 2390.02 920.993 2.61584 0 0 200.048 194.179 0 0.0227778 0.0144444 0 64.3369 0.0421417 0 1.58105 
1675 2394.49 918.641 2.62729 0 0 200.051 194.168 0 0.0266667 0.0155556 0 65.0619 0.0655855 0 1.58686 
1700 2402.07 917.906 2.64157 0 0 200.046 194.138 0 0.015 0.00833333 0 65.8458 0.0220433 0 1.59536 
1725 2407.7 917.866 2.65243 0 0 200.05 193.973 0 0.0172222 0.00888889 0 66.6094 0.10154 0 1.60311 
1750 2412.99 919.861 2.64124 0 0 200.041 193.84 0 0.0172222 0.00944444 0 67.3358 0.400921 0 1.61322 
1775 2413.58 919.34 2.6543 0 0 200.041 193.926 0 0.0244444 0.0138889 0 68.3325 0.588495 0 1.61763 
1800 2415.13 918.523 2.65999 0 0 200.032 193.811 0 0.0272222 0.0161111 0 69.1656 0.687155 0 1.61584 
1825 2429.22 916.722 2.68085 0 0 200.035 193.779 0 0.0205556 0.0133333 0 69.9344 0.726111 0 1.61978 
1850 2443.74 917.72 2.69544 0 0 200.024 193.771 0 0.0177778 0.0111111 0 70.6853 0.523223 0 1.62495 
1875 2444.23 919.382 2.69545 0 0 200.037 193.742 0 0.0205556 0.0138889 0 71.5147 0.511594 0 1.63188 
1900 2456.43 916.372 2.71202 0 0 200.021 193.606 0 0.015 0.00944444 0 72.4356 0.925161 0 1.638 
1925 2467.31 917.685 2.71724 0 0 200.024 193.53 0 0.0194444 0.0127778 0 73.3083 0.787297 0 1.63755 
1950 2469.79 918.308 2.71918 0 0 200.019 193.466 0 0.0227778 0.0161111 0 73.9642 0.662452 0 1.64008 
1975 2484.31 918.246 2.72613 0 0 200.024 193.471 0 0.0211111 0.0127778 0 74.7711 0.742221 0 1.6449 
2000 2498.84 916.529 2.75279 0 0 200.025 193.507 0 0.0183333 0.0105556 0 75.5072 0.947547 0 1.64795 
2025 2511.76 915.191 2.77496 0 0 200.003 193.716 0 0.0244444 0.0177778 0 76.2983 1.34813 0 1.65358 
2050 2525.76 916.761 2.78685 0 0 199.997 193.801 0 0.0222222 0.0177778 0 76.9844 1.60514 0 1.65948 
2075 2522.37 919.526 2.77208 0 0 199.979 193.796 0 0.0222222 0.0133333 0 77.6544 1.5884 0 1.66833 
2100 2542.22 918.249 2.80796 0 0 199.99 193.819 0 0.0277778 0.0211111 0 78.4692 1.56806 0 1.67374 
2125 2560.03 914.249 2.85025 0 0 199.981 193.831 0 0.0188889 0.0116667 0 79.4378 1.38399 0 1.6778 
2150 2583.58 915.679 2.85266 0 0 199.967 193.841 0 0.0266667 0.0194444 0 80.1244 1.52441 0 1.68059 
2175 2573.13 914.721 2.85092 0 0 199.969 193.705 0 0.0172222 0.00944444 0 80.9547 1.39645 0 1.68818 
2200 2594.81 914.801 2.87676 0 0 199.971 193.718 0 0.0255556 0.0166667 0 81.9167 1.54922 0 1.69335 
2225 2600.25 913.756 2.88817 0 0 199.946 193.721 0 0.0144444 0.005 0 82.6933 2.05492 0 1.69967 
2250 2650.15 917.022 2.92133 0 0 199.946 193.784 0 0.0138889 0.01 0 83.4878 2.11112 0 1.70703 
2275 2684.42 916.559 2.96641 0 0 199.952 193.824 0 0.0166667 0.01 0 84.415 2.20149 0 1.71357 
2300 2727.12 916.085 3.014 0 0 199.956 193.913 0 0.0155556 0.00777778 0 85.3875 2.41343 0 1.72804 
2325 2752.19 914.099 3.05566 0 0 199.963 193.95 0 0.0155556 0.00833333 0 86.0644 2.70795 0 1.73683 
2350 2779.26 914.496 3.07375 0 0 199.964 193.811 0 0.0172222 0.0105556 0 86.9 2.90722 0 1.74823 
2375 2800.45 914.376 3.11028 0 0 199.975 193.767 0 0.0194444 0.00944444 0 87.8589 2.9286 0 1.75573 
2400 2840.65 915.892 3.14549 0 0 199.991 193.75 0 0.0172222 0.0105556 0 88.5775 3.12779 0 1.77067 
2425 2874.05 915.292 3.19219 0 0 199.993 193.656 0 0.0294444 0.02 0 89.2578 3.06777 0 1.78285 
2450 2903.35 913.58 3.22735 0 0 199.965 193.607 0 0.0183333 0.0111111 0 90.28 3.33371 0 1.80024 
2475 2953.4 914.339 3.28062 0 0 199.963 193.637 0 0.0183333 0.0122222 0 91.2153 3.43324 0 1.81454 
2500 2992.06 913.287 3.32536 0 0 199.961 193.729 0 0.015 0.00833333 0 92.0761 3.6422 0 1.83105 
2525 3058.38 915.384 3.39474 0 0 199.959 193.681 0 0.0216667 0.0116667 0 92.7967 3.48921 0 1.85145 
2550 3137.77 913.773 3.50208 0 0 199.952 193.741 0 0.0161111 0.0111111 0 93.8336 3.57317 0 1.87255 
2575 3209.11 913.34 3.58163 0 0 199.962 193.761 0 0.0205556 0.0144444 0 94.8725 3.68973 0 1.88982 
2600 3278.39 912.894 3.67909 0 0 199.943 193.733 0 0.0188889 0.0116667 0 95.8361 3.53839 0 1.91209 
2625 3365.96 912.927 3.74557 0 0 199.936 193.642 0 0.0227778 0.0138889 0 96.7586 3.34125 0 1.94147 
2650 3466.16 913.933 3.86839 0 0 199.94 193.613 0 0.0238889 0.0133333 0 97.7625 3.64667 0 1.97388 
2675 3577.78 914.419 3.98541 0 0 199.951 193.566 0 0.0222222 0.0155556 0 98.5431 3.67877 0 2.00461 
2700 3691.92 915.191 4.0986 0 0 199.966 193.449 0 0.0233333 0.015 0 99.4247 3.97482 0 2.0467 
2725 3811.98 915.421 4.21882 0 0 199.989 193.482 0 0.02 0.0127778 0 100.502 3.8239 0 2.0855 
2750 3892.44 913.837 4.30126 0 0 200.007 193.403 0 0.02 0.0122222 0 101.576 4.01101 0 2.12921 
2775 3946.55 912.967 4.36259 0 0 200.002 193.336 0 0.0138889 0.00777778 0 102.379 3.78136 0 2.1699 
2800 4063.89 915.866 4.4792 0 0 200.01 193.424 0 0.0172222 0.0111111 0 103.43 3.66681 0 2.2145 
2825 4189.41 914.936 4.64036 0 0 200.029 193.369 0 0.025 0.0138889 0 104.572 3.7166 0 2.26473 
2850 4312.3 914.979 4.79174 0 0 200.041 193.356 0 0.0244444 0.015 0 105.474 3.76734 0 2.31747 
2875 4458.1 915.92 4.97685 0 0 200.074 193.399 0 0.0227778 0.0161111 0 106.642 3.87128 0 2.379 
2900 4546.27 916.617 5.06405 0 0 200.072 193.464 0 0.0177778 0.00888889 0 107.605 3.95521 0 2.44033 
2925 4689.78 914.193 5.18567 0 0 200.103 193.492 0 0.0305556 0.0166667 0 108.775 3.9302 0 2.49543 
2950 4773.66 916.996 5.28893 0 0 200.126 193.583 0 0.025 0.0166667 0 109.801 3.49541 0 2.56557 
2975 4887.67 914.064 5.43021 0 0 200.142 193.605 0 0.0222222 0.0166667 0 111.012 3.59688 0 2.62782 
3000 4962.97 912.096 5.54225 0 0 200.135 193.61 0 0.0227778 0.0144444 0 112.105 3.74324 0 2.69065 
3025 5073.68 911.038 5.66887 0 0 200.15 193.641 0 0.02 0.00944444 0 113.016 3.51492 0 2.76087 
3050 5184.09 911.449 5.76839 0 0 200.143 193.68 0 0.0205556 0.0127778 0 114.066 3.62556 0 2.82299 
3075 5293.88 911.053 5.90176 0 0 200.154 193.626 0 0.0222222 0.015 0 115.217 3.68221 0 2.89437 
3100 5356.7 913.125 5.91572 0 0 200.173 193.705 0 0.0155556 0.01 0 116.099 3.67093 0 2.96918 
3125 5444.78 913.694 6.06951 0 0 200.149 193.689 0 0.0211111 0.0144444 0 117.028 3.97053 0 3.03145 
3150 5485.37 912.477 6.09519 0 0 200.183 193.683 0 0.0211111 0.0138889 0 117.914 4.06406 0 3.10705 
3175 5534.84 911.07 6.17718 0 0 200.191 193.679 0 0.0211111 0.0105556 0 118.831 4.19825 0 3.16688 
3200 5592.54 911.178 6.22277 0 0 200.195 193.676 0 0.0194444 0.0116667 0 119.767 4.24635 0 3.2308 
3225 5643.79 912.6 6.24975 0 0 200.173 193.664 0 0.0188889 0.0111111 0 120.609 4.40319 0 3.29827 
3250 5660.89 910.979 6.34179 0 0 200.188 193.66 0 0.0233333 0.0177778 0 121.46 4.40436 0 3.35509 
3275 5754.92 912.101 6.41625 0 0 200.194 193.594 0 0.0205556 0.0105556 0 122.275 4.48567 0 3.42329 
3300 5845.79 912.781 6.48933 0 0 200.182 193.598 0 0.0244444 0.0127778 0 123.048 4.64965 0 3.48052 
3325 5915.51 909.961 6.62638 0 0 200.179 193.64 0 0.0216667 0.015 0 124.178 4.56023 0 3.54007 
3350 5965.38 910.669 6.65459 0 0 200.181 193.653 0 0.0194444 0.0144444 0 125.097 4.49072 0 3.59328 
3375 6020.86 912.516 6.69249 0 0 200.191 193.641 0 0.0216667 0.0144444 0 126.03 4.73286 0 3.65152 
3400 6090.19 911.382 6.76638 0 0 200.188 193.662 0 0.0227841 0.00944707 0 126.994 4.88285 0 3.69783 
3425 6166.97 913.268 6.88433 0 0 200.158 193.643 0 0.0205556 0.0138889 0 127.807 5.28007 0 3.76672 
3450 6166.41 912.183 6.89282 0 0 200.148 193.739 0 0.0166667 0.01 0 128.931 5.20273 0 3.81062 
3475 6167.69 910.355 6.91858 0 0 200.163 193.832 0 0.0255556 0.0188889 0 130.039 5.41806 0 3.85103 
3500 6223.93 913.217 6.93956 0 0 200.159 193.835 0 0.015 0.00944444 0 131.01 5.50956 0 3.90188 
3525 6269.43 914.814 6.93659 0 0 200.157 193.876 0 0.0161111 0.01 0 132.013 5.26542 0 3.94852 
3550 6231.38 911.577 6.91856 0 0 200.152 193.871 0 0.0211111 0.0133333 0 133.119 5.24605 0 3.99007 
3575 6263.35 911.576 6.9646 0 0 200.16 193.864 0 0.0227778 0.0111111 0 134.132 5.67421 0 4.02116 
3600 6303.58 911.821 7.04239 0 0 200.161 193.751 0 0.015 0.00833333 0 135.276 5.96451 0 4.05336 
3625 6341.76 911.218 7.04886 0 0 200.171 193.796 0 0.0205556 0.00944444 0 136.382 5.78629 0 4.09251 
3650 6464.82 910.623 7.21798 0 0 200.173 193.909 0 0.0161111 0.00944444 0 137.366 5.66455 0 4.11522 
3675 6549.18 911.271 7.25975 0 0 200.192 193.972 0 0.0233333 0.0133333 0 138.483 5.60961 0 4.16174 
3700 6560.84 911.278 7.27821 0 0 200.227 193.934 0 0.0222222 0.0133333 0 139.374 5.52102 0 4.19074 
3725 6641.51 910.619 7.37912 0 0 200.231 194.031 0 0.0244444 0.0111111 0 140.481 4.96456 0 4.21787 
3750 6717.48 911.089 7.48701 0 0 200.236 194.059 0 0.0205556 0.0105556 0 141.641 5.30866 0 4.25559 
3775 6713.35 913.418 7.40719 0 0 200.242 194.072 0 0.0144444 0.00722222 0 142.647 5.13006 0 4.29519 
3800 6754.84 911.546 7.53689 0 0 200.226 194.063 0 0.0216667 0.0144444 0 143.634 5.05293 0 4.3268 
3825 6730.15 909.925 7.52361 0 0 200.24 194.086 0 0.015 0.00833333 0 144.447 5.07389 0 4.35387 
3850 6807.63 912.61 7.55816 0 0 200.252 194.001 0 0.0222222 0.0155556 0 144.992 4.72633 0 4.39213 
3875 6889.27 910.593 7.69705 0 0 200.267 194.048 0 0.0161111 0.0116667 0 146.012 4.65986 0 4.41675 
3900 6900.71 910.996 7.74108 0 0 200.282 193.989 0 0.0183333 0.0105556 0 146.855 4.82657 0 4.44794 
3925 6997.37 911.913 7.86747 0 0 200.286 194.045 0 0.0266667 0.015 0 147.929 5.20914 0 4.47069 
3950 7003.9 914.131 7.81944 0 0 200.308 193.983 0 0.0222222 0.0133333 0 148.816 5.46327 0 4.51103 
3975 7022.19 912.167 7.85925 0 0 200.298 193.979 0 0.025 0.0144444 0 149.964 5.32605 0 4.54726 
4000 7091.57 914.358 7.9034 0 0 200.283 194.038 0 0.02 0.0138889 0 150.823 5.43203 0 4.58196 
4025 7118.6 910.393 7.96676 0 0 200.279 193.995 0 0.0172222 0.00888889 0 151.708 5.27211 0 4.60068 
4050 7109.86 912.14 7.95238 0 0 200.301 193.999 0 0.0177778 0.0116667 0 152.548 5.63473 0 4.63825 
4075 7140.48 914.149 7.98175 0 0 200.312 193.917 0 0.0194444 0.0122222 0 153.449 5.67548 0 4.67821 
4100 7274.51 913.001 8.1592 0 0 200.325 194.074 0 0.0194444 0.0127778 0 154.759 5.65907 0 4.70593 
4125 7331.88 910.949 8.23856 0 0 200.327 194.058 0 0.0183333 0.0133333 0 155.849 5.5695 0 4.74165 
4150 7384.14 912.208 8.26116 0 0 200.345 194.049 0 0.0216667 0.0133333 0 156.483 5.74261 0 4.77966 
4175 7455.93 912.275 8.33025 0 0 200.349 194.203 0 0.0188889 0.0116667 0 157.482 6.00427 0 4.81473 
4200 7537.79 912.353 8.40606 0 0 200.343 194.05 0 0.0216667 0.0127778 0 158.383 6.46504 0 4.84553 
4225 7597.56 911.075 8.49461 0 0 200.331 194.034 0 0.0227778 0.0133333 0 159.382 6.65172 0 4.88601 
4250 7728.37 910.335 8.65322 0 0 200.335 194.051 0 0.02 0.0133333 0 160.37 7.28416 0 4.9275 
4275 7789.25 912.353 8.71499 0 0 200.326 194.117 0 0.0216667 0.0166667 0 161.359 7.20443 0 4.96834 
4300 7762.57 912.372 8.64307 0 0 200.309 194.091 0 0.0227778 0.0133333 0 162.268 7.12048 0 5.01426 
4325 7821.45 909.206 8.7239 0 0 200.31 194.069 0 0.0261111 0.0105556 0 163.157 7.05093 0 5.04546 
4350 7821.82 906.879 8.78084 0 0 200.302 194.058 0 0.0177778 0.00888889 0 163.991 6.6985 0 5.07346 
4375 7822.35 907.159 8.79831 0 0 200.299 194.095 0 0.0222222 0.0127778 0 165.219 7.05064 0 5.10124 
4400 7797.21 906.424 8.73608 0 0 200.316 194.145 0 0.0244444 0.0133333 0 166.161 6.74501 0 5.12401 
4425 7774.03 907.807 8.68345 0 0 200.299 194.131 0 0.0194444 0.0127778 0 167.113 6.95508 0 5.15046 
4450 7773.21 909.528 8.64233 0 0 200.284 194.139 0 0.0166667 0.00833333 0 168.125 6.93875 0 5.1639 
4475 7853.57 909.799 8.83333 0 0 200.288 194.167 0 0.0183333 0.0138889 0 168.884 7.06466 0 5.19728 
4500 7948.73 912.501 8.8876 0 0 200.301 194.244 0 0.0177778 0.0116667 0 169.756 7.30437 0 5.22313 
4525 7982.99 911.365 8.92137 0 0 200.285 194.232 0 0.0238889 0.0138889 0 170.849 7.74745 0 5.25898 
4550 8005.56 911.086 8.91373 0 0 200.285 194.168 0 0.0172222 0.0105556 0 171.946 7.40809 0 5.28798 
4575 8098.02 911.862 8.96269 0 0 200.294 194.284 0 0.0227778 0.0138889 0 172.828 7.58926 0 5.32089 
4600 8130.54 910.151 9.03974 0 0 200.289 194.236 0 0.025 0.0161111 0 173.984 7.27697 0 5.35543 
4625 8101.23 908.587 9.05738 0 0 200.295 194.215 0 0.0244444 0.0155556 0 174.751 7.10384 0 5.37924 
4650 8041.82 907.003 9.02 0 0 200.285 194.202 0 0.0266667 0.0194444 0 175.683 6.72274 0 5.39847 
4675 8057.95 906.813 9.0295 0 0 200.297 194.167 0 0.0166667 0.00833333 0 176.802 6.60328 0 5.40722 
4700 8120.55 907.332 9.08157 0 0 200.289 194.194 0 0.0233333 0.0133333 0 177.954 6.79266 0 5.43225 
4725 8293.73 908.454 9.27035 0 0 200.278 194.201 0 0.0172222 0.01 0 179.193 6.43254 0 5.45197 
4750 8415.95 910.297 9.3485 0 0 200.283 194.255 0 0.0177778 0.0105556 0 180.117 6.15039 0 5.47481 
4775 8389.03 913.383 9.30206 0 0 200.281 194.255 0 0.0266667 0.0138889 0 180.966 5.81266 0 5.49117 
4800 8383.79 909.627 9.37114 0 0 200.292 194.181 0 0.0161111 0.01 0 182.263 5.79221 0 5.50211 
4825 8388.73 909.891 9.41457 0 0 200.29 194.238 0 0.0177778 0.0116667 0 183.586 5.89208 0 5.53602 
4850 8426.51 910.654 9.44469 0 0 200.29 194.26 0 0.0288889 0.0155556 0 184.807 5.98465 0 5.55787 
4875 8304.09 910.867 9.33657 0 0 200.302 194.289 0 0.0211111 0.0155556 0 185.994 6.20222 0 5.5831 
4900 8352.67 911.481 9.33222 0 0 200.303 194.253 0 0.0205556 0.01 0 187 6.33031 0 5.6108 
4925 8397.56 908.026 9.38575 0 0 200.292 194.119 0 0.02 0.0116667 0 187.955 6.32795 0 5.6254 
4950 8366.38 907.898 9.38159 0 0 200.291 194.086 0 0.0238889 0.0133333 0 188.743 5.83874 0 5.64073 
4975 8355.63 906.912 9.37494 0 0 200.291 194.068 0 0.0222222 0.0155556 0 189.695 5.92752 0 5.64945 
5000 8398.93 908 9.38836 0 0 200.291 194.135 0 0.0205556 0.0127778 0 190.503 5.55659 0 5.66338 
5025 8394.91 910.618 9.40272 0 0 200.308 194.109 0 0.0233333 0.0155556 0 191.543 5.3114 0 5.67539 
5050 8451.52 910.189 9.40779 0 0 200.316 194.119 0 0.0294444 0.0183333 0 192.5 5.05117 0 5.68918 
5075 8404.29 908.368 9.39369 0 0 200.326 194.153 0 0.02 0.0133333 0 193.195 4.94808 0 5.68792 
5100 8480.03 910.529 9.41555 0 0 200.344 194.139 0 0.0211111 0.0127778 0 194.283 4.62009 0 5.69667 
5125 8434.63 910.225 9.3957 0 0 200.359 194.174 0 0.0211111 0.0111111 0 195.046 4.11149 0 5.71093 
5150 8437.1 907.91 9.38887 0 0 200.353 194.169 0 0.0155556 0.0111111 0 195.906 4.18439 0 5.72659 
5175 8483.25 909.403 9.43542 0 0 200.364 194.261 0 0.0116667 0.00944444 0 196.854 3.81131 0 5.74785 
5200 8508.04 910.048 9.45236 0 0 200.381 194.198 0 0.0238889 0.0161111 0 197.658 3.91614 0 5.76285 
5225 8489.24 909.412 9.48943 0 0 200.378 194.247 0 0.0255556 0.015 0 198.4 3.92869 0 5.77185 
5250 8513.88 909.836 9.51113 0 0 200.369 194.196 0 0.0261111 0.0127778 0 199.37 4.16283 0 5.76274 
5275 8622.48 908.173 9.63857 0 0 200.371 194.206 0 0.0172222 0.00833333 0 200.256 4.42301 0 5.75856 
5300 8591.68 908.609 9.61532 0 0 200.388 194.268 0 0.0194444 0.0105556 0 201.082 4.70001 0 5.77357 
5325 8717.68 910.41 9.72893 0 0 200.375 194.368 0 0.0211111 0.00944444 0 202.089 4.7037 0 5.78848 
5350 8734.94 910.191 9.73969 0 0 200.366 194.384 0 0.0233333 0.015 0 203.39 4.81998 0 5.8129 
5375 8809.81 910.224 9.83117 0 0 200.37 194.433 0 0.0238889 0.0138889 0 204.609 4.91733 0 5.83279 
5400 8736.08 909.432 9.80036 0 0 200.36 194.357 0 0.0283333 0.0183333 0 205.744 4.73986 0 5.84985 
5425 8741.69 908.863 9.77907 0 0 200.371 194.383 0 0.0194444 0.01 0 206.566 4.83854 0 5.87448 
5450 8673.73 910.022 9.68716 0 0 200.363 194.439 0 0.0227778 0.0155556 0 207.451 4.49264 0 5.89469 
5475 8854.06 909.949 9.81455 0 0 200.357 194.447 0 0.0227778 0.0155556 0 208.35 4.57891 0 5.91341 
5500 8797.23 908.568 9.81406 0 0 200.378 194.477 0 0.0233333 0.0155556 0 209.413 4.29305 0 5.92149 
5525 8752.04 905.299 9.84194 0 0 200.389 194.463 0 0.0266667 0.0144444 0 210.462 4.2305 0 5.93185 
5550 8781.54 906.126 9.84675 0 0 200.385 194.466 0 0.0216667 0.0105556 0 211.42 4.21402 0 5.93507 
5575 8859.15 907.951 9.89707 0 0 200.395 194.486 0 0.0138889 0.00666667 0 212.384 4.25727 0 5.9607 
5600 8873.85 911.141 9.93138 0 0 200.382 194.426 0 0.0194444 0.0122222 0 213.166 3.78035 0 5.98544 
5625 9000.34 909.09 10.0806 0 0 200.376 194.45 0 0.015 0.0111111 0 213.928 2.69613 0 6.00523 
5650 9011.81 907.239 10.0749 0 0 200.389 194.376 0 0.0238889 0.0177778 0 214.929 2.96032 0 6.02373 
5675 8934.5 905.92 10.0414 0 0 200.396 194.356 0 0.0244444 0.0183333 0 215.797 2.80155 0 6.03464 
5700 9008.46 908.495 10.0599 0 0 200.424 194.453 0 0.0188889 0.0122222 0 216.655 2.8737 0 6.05724 
5725 9039.16 907.159 10.0901 0 0 200.441 194.542 0 0.0161111 0.00722222 0 217.523 2.69367 0 6.07456 
5750 9186.34 906.379 10.2758 0 0 200.442 194.498 0 0.0194444 0.0111111 0 218.591 2.6697 0 6.09703 
5775 9144.08 907.496 10.1654 0 0 200.453 194.483 0 0.0233333 0.0161111 0 219.703 3.08364 0 6.12755 
5800 9098.71 906.349 10.1488 0 0 200.466 194.496 0 0.0227778 0.0133333 0 220.799 3.84915 0 6.14383 
5825 9152.19 905.336 10.2584 0 0 200.46 194.423 0 0.0177778 0.0116667 0 221.834 4.00006 0 6.13956 
5850 9133.05 908.05 10.1732 0 0 200.468 194.461 0 0.0238889 0.0155556 0 222.443 3.48506 0 6.13548 
5875 9158.77 908.411 10.1904 0 0 200.461 194.494 0 0.0166667 0.00888889 0 223.209 3.65232 0 6.13995 
5900 9194.16 908.476 10.2002 0 0 200.428 194.491 0 0.0238889 0.0144444 0 224.226 3.90539 0 6.14435 
5925 9197.13 907.474 10.2823 0 0 200.424 194.507 0 0.0216667 0.0155556 0 225.051 3.64204 0 6.15259 
5950 9153.34 907.791 10.1906 0 0 200.431 194.48 0 0.0222222 0.015 0 225.972 3.09942 0 6.16605 
5975 9236.9 907.61 10.2728 0 0 200.42 194.554 0 0.0211111 0.0133333 0 227.176 3.3226 0 6.17637 
6000 9388.6 909.225 10.4582 0 0 200.421 194.583 0 0.0205556 0.0105556 0 228.098 3.29212 0 6.19659 
6025 9383.35 910.864 10.4399 0 0 200.4 194.525 0 0.0227778 0.0127778 0 228.891 3.24841 0 6.23258 
6050 9446.51 909.709 10.5764 0 0 200.391 194.615 0 0.0205556 0.0133333 0 229.883 3.04656 0 6.2659 
6075 9481.63 910.627 10.5193 0 0 200.389 194.612 0 0.0211111 0.01 0 230.918 3.26543 0 6.28981 
6100 9457.75 908.251 10.5323 0 0 200.394 194.656 0 0.0166667 0.0105556 0 231.897 3.29866 0 6.31251 
6125 9546.43 907.555 10.6375 0 0 200.41 194.593 0 0.0233333 0.0144444 0 233.001 3.43263 0 6.32207 
6150 9459.25 908.687 10.5651 0 0 200.412 194.543 0 0.0194444 0.0105556 0 234.319 3.3198 0 6.34562 
6175 9586.97 908.367 10.7022 0 0 200.412 194.563 0 0.0222222 0.0127778 0 234.967 2.12073 0 6.36457 
6200 9583.22 907.567 10.7097 0 0 200.43 194.596 0 0.0238889 0.0133333 0 235.897 1.6124 0 6.36761 
6225 9568.1 904.975 10.7316 0 0 200.457 194.579 0 0.015 0.00944444 0 236.859 1.22406 0 6.38412 
6250 9573.61 906.752 10.6582 0 0 200.47 194.565 0 0.0216667 0.0144444 0 238.012 1.17159 0 6.39718 
6275 9635.7 907.778 10.7006 0 0 200.5 194.601 0 0.0183333 0.0116667 0 238.832 0.410583 0 6.41109 
6300 9761.21 910.352 10.7838 0 0 200.506 194.647 0 0.0172222 0.0144444 0 239.756 0.16567 0 6.43278 
6325 9825.68 910.269 10.9578 0 0 200.503 194.684 0 0.0161111 0.00833333 0 240.695 -0.366698 0 6.46478 
6350 9778.5 911.189 10.8988 0 0 200.52 194.714 0 0.0183333 0.00888889 0 241.866 -0.760582 0 6.5096 
6375 9915.26 909.313 11.0367 0 0 200.525 194.678 0 0.025 0.0177778 0 242.624 -1.11826 0 6.53239 
6400 9976.92 909.689 11.1368 0 0 200.541 194.768 0 0.0194444 0.0161111 0 243.59 -2.03828 0 6.5818 
6425 9917.94 908.129 11.12 0 0 200.573 194.795 0 0.0172222 0.0105556 0 244.616 -3.0698 0 6.59959 
6450 9981.78 909.094 11.1254 0 0 200.562 194.813 0 0.0216667 0.0133333 0 245.553 -3.09997 0 6.62252 
6475 10043 910.373 11.2528 0 0 200.568 194.725 0 0.0233333 0.0155556 0 246.551 -3.5971 0 6.6699 
6500 10256.4 909.446 11.4971 0 0 200.569 194.722 0 0.0233333 0.0155556 0 247.56 -3.69375 0 6.70665 
6525 10291.7 909.523 11.468 0 0 200.549 194.684 0 0.0211111 0.0127778 0 248.38 -3.90211 0 6.73977 
6550 10471.2 910.724 11.6205 0 0 200.55 194.788 0 0.0188889 0.015 0 249.102 -4.12564 0 6.77666 
6575 10444 909.431 11.6314 0 0 200.548 194.788 0 0.0194444 0.0105556 0 250.115 -4.64209 0 6.82351 
6600 10464.8 906.291 11.7034 0 0 200.561 194.741 0 0.0227778 0.0116667 0 251.168 -5.08262 0 6.84139 
6625 10515 904.133 11.779 0 0 200.552 194.662 0 0.0227778 0.01 0 252.063 -5.38251 0 6.8742 
6650 10582.7 907.907 11.7922 0 0 200.534 194.693 0 0.0177778 0.0116667 0 253.202 -5.37253 0 6.90242 
6675 10651.8 908.991 11.9144 0 0 200.535 194.775 0 0.0222222 0.0138889 0 254.371 -5.92904 0 6.95006 
6700 10903.4 910.028 12.139 0 0 200.545 194.784 0 0.0272222 0.0138889 0 255.323 -6.20539 0 6.99763 
6725 10899.8 908.688 12.1774 0 0 200.525 194.723 0 0.0172222 0.01 0 256.299 -6.74231 0 7.06201 
6750 10828.5 909.51 12.0932 0 0 200.498 194.621 0 0.0138889 0.00888889 0 257.24 -6.83319 0 7.11576 
6775 10798.8 909.077 11.988 0 0 200.481 194.633 0 0.0205556 0.0138889 0 258.168 -7.00455 0 7.15765 
6800 10750.3 907.868 11.9531 0 0 200.478 194.634 0 0.0205556 0.0161111 0 258.887 -7.18702 0 7.18918 
6825 10775.7 906.382 12.0227 0 0 200.454 194.545 0 0.0216727 0.013337 0 259.773 -7.91521 0 7.2103 
6850 10911.5 905.315 12.1839 0 0 200.463 194.561 0 0.0166667 0.0111111 0 260.956 -7.38756 0 7.233 
6875 10957.5 908.107 12.2079 0 0 200.469 194.544 0 0.0161111 0.0111111 0 261.939 -7.4993 0 7.2776 
6900 11029 907.886 12.2901 0 0 200.484 194.525 0 0.0183333 0.01 0 262.823 -7.17816 0 7.2998 
6925 10970.7 909.32 12.1844 0 0 200.502 194.535 0 0.0227778 0.0161111 0 263.628 -7.24976 0 7.35252 
6950 11088.2 907.497 12.3443 0 0 200.507 194.604 0 0.015 0.00833333 0 264.609 -7.67142 0 7.40052 
6975 11067.7 906.964 12.3696 0 0 200.524 194.631 0 0.0227778 0.0155556 0 265.508 -7.77296 0 7.42267 
7000 11058.4 907.563 12.4624 0 0 200.513 194.638 0 0.0222222 0.0138889 0 266.3 -7.73604 0 7.43051 
7025 11161.9 908.008 12.3589 0 0 200.497 194.626 0 0.02 0.00888889 0 267.021 -7.88128 0 7.44775 
7050 11285.8 908.348 12.6423 0 0 200.483 194.614 0 0.0188889 0.0105556 0 267.597 -7.71195 0 7.47095 
7075 11538.6 907.962 12.9443 0 0 200.461 194.658 0 0.0233333 0.0166667 0 268.303 -7.40633 0 7.4933 
7100 11481.6 909.246 12.7836 0 0 200.456 194.708 0 0.0172222 0.0111111 0 269.035 -7.5193 0 7.55352 
7125 11654.4 910.527 13.0154 0 0 200.47 194.718 0 0.0211111 0.0144444 0 269.871 -7.17985 0 7.5964 
7150 11668.9 907.913 13.0502 0 0 200.456 194.656 0 0.0177778 0.0111111 0 270.871 -7.07212 0 7.65268 
7175 11534.6 906.263 12.9307 0 0 200.464 194.636 0 0.0222222 0.0127778 0 271.972 -6.59047 0 7.6721 
7200 11578.9 907.335 12.9386 0 0 200.468 194.661 0 0.0216667 0.015 0 273.136 -6.77774 0 7.69793 
7225 11634.8 908.44 12.9772 0 0 200.462 194.655 0 0.0194444 0.0105556 0 273.878 -7.12716 0 7.71065 
7250 11600.9 908.237 12.9048 0 0 200.466 194.653 0 0.0188889 0.0133333 0 275.047 -7.24156 0 7.73796 
7275 11626.2 908.673 12.9121 0 0 200.464 194.669 0 0.0200056 0.013337 0 276.433 -7.1718 0 7.74994 
7300 11677.8 908.146 13.0209 0 0 200.478 194.671 0 0.0288889 0.0183333 0 277.68 -7.56093 0 7.7774 
7325 11719.9 907.473 13.0569 0 0 200.503 194.588 0 0.015 0.00833333 0 278.609 -7.101 0 7.83103 
7350 11727 908.151 13.1542 0 0 200.484 194.678 0 0.0233333 0.0133333 0 279.582 -6.8831 0 7.862 
7375 11630.1 908.836 12.9544 0 0 200.503 194.662 0 0.0222222 0.015 0 280.45 -7.02212 0 7.8929 
7400 11731.2 909.316 13.1118 0 0 200.523 194.704 0 0.0227778 0.0122222 0 281.424 -6.91875 0 7.91281 
7425 11772.8 910.029 13.0862 0 0 200.518 194.606 0 0.025 0.0161111 0 282.303 -7.00789 0 7.94064 
7450 11938.1 910.047 13.2629 0 0 200.507 194.578 0 0.0205556 0.0116667 0 283.268 -6.60329 0 7.97178 
7475 11903.1 910.943 13.3811 0 0 200.519 194.557 0 0.0211111 0.0127778 0 284.066 -6.49231 0 8.01599 
7500 11981.9 909.326 13.4574 0 0 200.546 194.613 0 0.0244444 0.0155556 0 284.744 -6.60004 0 8.06834 
7525 11898.4 909.455 13.3514 0 0 200.584 194.68 0 0.0177778 0.00888889 0 285.505 -7.03348 0 8.10278 
7550 11962.4 910.89 13.3073 0 0 200.575 194.706 0 0.0227778 0.0155556 0 286.061 -7.05552 0 8.12165 
7575 12209 911.058 13.6034 0 0 200.578 194.658 0 0.025 0.0166667 0 286.916 -6.74601 0 8.1457 
7600 12193.8 909.385 13.6431 0 0 200.548 194.647 0 0.0255556 0.015 0 287.582 -6.83464 0 8.15943 
7625 12301.3 910.003 13.6934 0 0 200.566 194.718 0 0.0194444 0.0144444 0 288.223 -6.40206 0 8.18789 
7650 12272.9 906.913 13.6993 0 0 200.563 194.724 0 0.0205556 0.0105556 0 289.157 -5.89896 0 8.18917 
7675 12320.7 909.526 13.6951 0 0 200.555 194.739 0 0.0216667 0.0111111 0 289.777 -5.71871 0 8.23545 
7700 12235.7 908.151 13.619 0 0 200.574 194.803 0 0.0194444 0.0122222 0 290.415 -5.72762 0 8.28177 
7725 12129.3 907.064 13.5192 0 0 200.588 194.742 0 0.0238889 0.0172222 0 290.913 -5.53318 0 8.29858 
7750 12104.6 905.804 13.5298 0 0 200.59 194.76 0 0.0266667 0.0161111 0 291.543 -6.11971 0 8.32153 
7775 12111.4 904.396 13.5611 0 0 200.62 194.749 0 0.0244444 0.0111111 0 292.385 -6.03006 0 8.35262 
7800 12127.9 906.514 13.6235 0 0 200.624 194.776 0 0.0294444 0.0216667 0 293.531 -6.5529 0 8.36229 
7825 12187.7 905.141 13.6817 0 0 200.634 194.762 0 0.0166667 0.01 0 294.244 -6.45391 0 8.37942 
7850 12213.3 904.264 13.7674 0 0 200.659 194.685 0 0.0272222 0.0188889 0 294.896 -6.89437 0 8.38617 
7875 12257.8 903.096 13.8602 0 0 200.651 194.552 0 0.0266667 0.0177778 0 295.723 -7.09464 0 8.38389 
7900 12358.1 904.19 13.8466 0 0 200.662 194.664 0 0.0255556 0.0194444 0 296.711 -7.21214 0 8.39854 
7925 12223 907.218 13.6683 0 0 200.642 194.616 0 0.0288969 0.0138927 0 297.395 -6.69218 0 8.41952 
7950 12312 906.952 13.8079 0 0 200.624 194.572 0 0.0255556 0.0172222 0 298.074 -6.44424 0 8.41952 
7975 12298.9 905.168 13.8081 0 0 200.635 194.587 0 0.0272222 0.0177778 0 298.816 -6.11605 0 8.41836 
8000 12381.5 906.993 13.8744 0 0 200.643 194.545 0 0.0261111 0.015 0 299.603 -6.44867 0 8.42993 
8025 12320.1 907.524 13.8024 0 0 200.633 194.507 0 0.0172222 0.00944444 0 300.137 -6.52646 0 8.45208 
8050 12309.6 907.433 13.8091 0 0 200.651 194.434 0 0.0266667 0.0194444 0 301.409 -6.19122 0 8.4595 
8075 12273.2 906.685 13.7835 0 0 200.646 194.415 0 0.0188889 0.00944444 0 302.228 -6.14161 0 8.47056 
8100 12259.9 908.614 13.7294 0 0 200.644 194.408 0 0.02 0.015 0 303.2 -6.44654 0 8.46902 
8125 12267.1 907.777 13.7067 0 0 200.647 194.332 0 0.0261111 0.0166667 0 303.989 -6.50734 0 8.47133 
8150 12337.4 907.866 13.7146 0 0 200.651 194.283 0 0.0188889 0.0105556 0 304.914 -6.49061 0 8.49232 
8175 12260.2 906.231 13.7268 0 0 200.653 194.211 0 0.0166667 0.00944444 0 305.854 -6.55805 0 8.48089 
8200 12298.2 907.58 13.7688 0 0 200.675 194.269 0 0.0216667 0.0127778 0 307.208 -5.925 0 8.46738 
8225 12276 908.692 13.701 0 0 200.683 194.302 0 0.0194444 0.0111111 0 308.278 -6.12016 0 8.48315 
8250 12287.8 909.606 13.8092 0 0 200.685 194.296 0 0.0233333 0.0166667 0 309.126 -5.96033 0 8.48659 
8275 12326.4 909.731 13.6977 0 0 200.678 194.282 0 0.0222222 0.0138889 0 310.428 -6.47304 0 8.50419 
8300 12364.8 907.562 13.8452 0 0 200.667 194.226 0 0.0194444 0.0111111 0 311.364 -6.67149 0 8.53553 
8325 12451 907.437 13.8899 0 0 200.672 194.209 0 0.0188889 0.01 0 312.505 -6.79125 0 8.53986 
8350 12422 906.042 13.8501 0 0 200.686 194.233 0 0.0177778 0.0111111 0 313.703 -6.69498 0 8.54572 
8375 12407.7 908.094 13.8114 0 0 200.691 194.209 0 0.0172222 0.00944444 0 314.344 -6.88351 0 8.56815 
8400 12407.3 904.603 13.9284 0 0 200.684 194.164 0 0.02 0.0144444 0 315.394 -7.1182 0 8.56177 
8425 12551.2 906.637 14.1304 0 0 200.679 194.166 0 0.0177778 0.01 0 316.049 -7.06651 0 8.55551 
8450 12480.8 906.444 13.9756 0 0 200.673 194.146 0 0.0255556 0.0166667 0 316.85 -6.68308 0 8.56346 
8475 12385.4 904.914 13.8236 0 0 200.669 194.152 0 0.0166667 0.0116667 0 317.649 -6.54449 0 8.57865 
8500 12219.9 905.246 13.6487 0 0 200.669 194.207 0 0.0216667 0.0133333 0 318.418 -6.15611 0 8.56054 
8525 12286.1 905.636 13.7001 0 0 200.662 194.138 0 0.02 0.0133333 0 319.111 -6.20396 0 8.53134 
8550 12449.7 907.845 13.9138 0 0 200.663 194.132 0 0.0161111 0.0105556 0 319.806 -6.09474 0 8.54346 
8575 12381.5 909.073 13.7355 0 0 200.675 194.113 0 0.0233333 0.0116667 0 320.941 -6.21386 0 8.55233 
8600 12569.1 908.736 14.0361 0 0 200.691 194.15 0 0.025 0.0172222 0 321.852 -6.18676 0 8.5497 
8625 12495 908.086 14.0115 0 0 200.705 194.083 0 0.0222222 0.0105556 0 322.84 -6.22275 0 8.56985 
8650 12519.3 906.517 14.0222 0 0 200.708 194.132 0 0.0205556 0.0122222 0 323.859 -5.74502 0 8.56282 
8675 12620.2 908.316 14.1085 0 0 200.698 194.102 0 0.0155556 0.0116667 0 324.877 -5.34392 0 8.57142 
8700 12563.7 907.754 14.0512 0 0 200.678 194.174 0 0.0183333 0.0105556 0 325.775 -5.28914 0 8.58241 
8725 12478.5 907.197 14.0597 0 0 200.67 194.147 0 0.0205556 0.0133333 0 326.572 -5.15362 0 8.57397 
8750 12635.4 908.993 14.1256 0 0 200.673 194.134 0 0.0177778 0.0133333 0 327.169 -4.88488 0 8.59728 
8775 12462 908.851 13.9761 0 0 200.683 194.193 0 0.02 0.0122222 0 327.562 -4.90042 0 8.60771 
8800 12544 909.64 13.9857 0 0 200.705 194.212 0 0.0183333 0.0105556 0 328.086 -4.98846 0 8.61361 
8825 12458.3 909.969 13.9601 0 0 200.714 194.105 0 0.0216667 0.015 0 329.205 -4.74002 0 8.60767 
8850 12323.8 911.91 13.7469 0 0 200.708 194.197 0 0.02 0.0144444 0 330.058 -4.42921 0 8.62923 
8875 12254 908.516 13.7473 0 0 200.71 194.222 0 0.02 0.0105556 0 330.842 -4.1349 0 8.63502 
8900 12227.4 906.896 13.6906 0 0 200.705 194.199 0 0.0216667 0.0144444 0 331.651 -4.26954 0 8.64909 
8925 12338.5 905.683 13.8055 0 0 200.715 194.206 0 0.0183333 0.01 0 332.675 -4.02061 0 8.63702 
8950 12486.3 904.804 14.0196 0 0 200.716 194.176 0 0.0188889 0.0133333 0 334.058 -3.63832 0 8.63282 
8975 12596.1 906.125 14.0639 0 0 200.705 194.12 0 0.0133333 0.00722222 0 335.018 -3.35674 0 8.62586 
9000 12510.6 904.426 14.0562 0 0 200.691 194.064 0 0.015 0.0105556 0 335.851 -2.8919 0 8.62508 
9025 12596.6 906.554 14.0417 0 0 200.695 194.064 0 0.0127778 0.01 0 337.02 -2.74037 0 8.6482 
9050 12614.5 905.655 14.1817 0 0 200.692 194.106 0 0.02 0.0122222 0 337.962 -3.15792 0 8.64666 
9075 12558.9 903.426 14.1661 0 0 200.687 194.075 0 0.0244444 0.0138889 0 338.844 -3.16605 0 8.62019 
9100 12677.7 903.838 14.2961 0 0 200.687 193.974 0 0.0233333 0.0133333 0 339.84 -3.87041 0 8.62986 
9125 12713.4 903.306 14.321 0 0 200.694 193.984 0 0.015 0.0111111 0 340.671 -3.9094 0 8.63034 
9150 12640.9 903.155 14.2114 0 0 200.709 193.995 0 0.025 0.0161111 0 341.622 -3.6438 0 8.6193 
9175 12632.3 901.133 14.231 0 0 200.707 193.902 0 0.02 0.0116667 0 342.727 -3.75558 0 8.61418 
9200 12653.6 903.298 14.15 0 0 200.71 193.899 0 0.0227778 0.0144444 0 343.684 -4.10465 0 8.61315 
9225 12750.2 903.633 14.2357 0 0 200.698 193.866 0 0.0288889 0.0166667 0 344.645 -3.86384 0 8.60366 
9250 12577.7 904.596 14.0806 0 0 200.686 193.844 0 0.0233333 0.0127778 0 345.151 -3.99829 0 8.60276 
9275 12523.5 902.684 14.0713 0 0 200.688 193.864 0 0.0166667 0.01 0 345.867 -3.9368 0 8.57569 
9300 12627.5 904.631 14.048 0 0 200.683 193.875 0 0.0183333 0.0122222 0 346.801 -3.90189 0 8.57188 
9325 12603.1 905.363 14.1578 0 0 200.677 193.869 0 0.0227778 0.0138889 0 347.569 -4.00684 0 8.5769 
9350 12596.5 904.325 14.1527 0 0 200.657 193.779 0 0.0233333 0.0144444 0 348.363 -3.33672 0 8.57077 
9375 12710 906.676 14.2111 0 0 200.66 193.878 0 0.0166667 0.0127778 0 349.346 -3.23878 0 8.57176 
9400 12569.2 907.286 14.0947 0 0 200.648 193.871 0 0.0227778 0.0127778 0 350.563 -3.00277 0 8.5953 
9425 12550.5 905.415 14.1282 0 0 200.658 193.86 0 0.0216667 0.0111111 0 351.474 -2.72991 0 8.61089 
9450 12757.6 907.227 14.3263 0 0 200.646 193.912 0 0.0211111 0.0138889 0 352.29 -3.14962 0 8.6387 
9475 12739.2 906.967 14.2977 0 0 200.651 193.869 0 0.02 0.0105556 0 353.228 -3.01788 0 8.652 
9500 12666.9 905.919 14.2257 0 0 200.649 193.915 0 0.025 0.0127778 0 354.233 -3.18191 0 8.69024 
9525 12709.1 908.046 14.1956 0 0 200.636 193.898 0 0.0277778 0.0177778 0 354.879 -3.0306 0 8.70161 
9550 12708.2 906.687 14.2558 0 0 200.634 193.932 0 0.0216667 0.0144444 0 355.534 -3.19271 0 8.70964 
9575 12680.6 908.053 14.2055 0 0 200.639 193.818 0 0.0238889 0.0161111 0 356.371 -3.55643 0 8.74487 
9600 12667.5 907.392 14.2197 0 0 200.647 193.741 0 0.0244444 0.015 0 356.88 -3.49531 0 8.75448 
9625 12812.1 908.541 14.2488 0 0 200.65 193.818 0 0.0222222 0.0144444 0 357.896 -3.6125 0 8.76493 
9650 12925.8 906.673 14.477 0 0 200.64 193.779 0 0.0244444 0.0138889 0 358.808 -3.71995 0 8.78828 
9675 12649.7 906.381 14.2533 0 0 200.635 193.736 0 0.0205556 0.0133333 0 359.631 -3.96738 0 8.81058 
9700 12795.5 904.387 14.4415 0 0 200.626 193.734 0 0.02 0.00888889 0 360.5 -3.74784 0 8.81378 
9725 12960.2 904.405 14.5443 0 0 200.636 193.64 0 0.0177778 0.01 0 361.421 -3.50588 0 8.83233 
9750 12985.2 905.713 14.5308 0 0 200.677 193.708 0 0.0205556 0.0105556 0 362.71 -3.0632 0 8.82943 
9775 12927 904.711 14.5207 0 0 200.684 193.67 0 0.0188889 0.0127778 0 363.878 -2.70795 0 8.85581 
9800 13064.5 903.298 14.7309 0 0 200.688 193.712 0 0.0177778 0.01 0 364.878 -2.74542 0 8.87222 
9825 12855.6 904.417 14.533 0 0 200.681 193.735 0 0.0155556 0.0111111 0 366.145 -2.74728 0 8.89947 
9850 12872.2 904.278 14.5752 0 0 200.688 193.753 0 0.0222222 0.015 0 367.052 -2.79843 0 8.90394 
9875 12944.3 904.267 14.5929 0 0 200.691 193.671 0 0.0261111 0.0183333 0 367.831 -2.05027 0 8.91896 
9900 12940.6 906.763 14.5707 0 0 200.7 193.763 0 0.0255556 0.0133333 0 368.57 -1.94322 0 8.91879 
9925 13110.2 906.201 14.7312 0 0 200.709 193.785 0 0.015 0.0111111 0 369.506 -1.90742 0 8.95247 
9950 13092.8 905.906 14.6729 0 0 200.72 193.705 0 0.0133333 0.00888889 0 370.664 -1.92432 0 8.95503 
9975 13022.2 902.415 14.804 0 0 200.735 193.811 0 0.0161111 0.00777778 0 371.358 -1.33604 0 8.94027 
10000 12978.8 903.73 14.5633 0 0 200.76 193.766 0 0.0238889 0.0166667 0 372.549 -1.42896 0 8.94552 
