# Avida population mating display data
# Fri Oct 16 06:01:46 2015
#  1: Update
#  2: Avg mating display A for mating type -1 (undefined)
#  3: Avg mating display A for mating type 0 (female)
#  4: Avg mating display A for mating type 1 (male)
#  5: Avg mating display B for mating type -1 (undefined)
#  6: Avg mating display B for mating type 0 (female)
#  7: Avg mating display B for mating type 1 (male)

0 0 0 0 0 0 0 
25 0 0 0 0 0 0 
50 0 0 0 0 0 0 
75 0 0 0 0 0 0 
100 0 0 0 0 0 0 
125 0 0 0 0 0 0 
150 0 0.0425532 0 0 0 0 
175 0 0.037037 0 0 0 0 
200 0 0.0172414 0 0 0 0 
225 0 0.031746 0 0 0 0 
250 0 0.03125 0 0 0 0 
275 0 0.0243902 0.011976 0 0 0 
300 0 0.00877193 0.0172414 0 0 0 
325 0 0.0223881 0.0294118 0 0 0 
350 0 0.0215385 0.0242424 0 0 0 
375 0 0.0237226 0.0305206 0 0 0 
400 0 0.0259887 0.0324385 0 0 0 
425 0.125 0.0413625 0.0412288 0 0 0 
450 0.0769231 0.0514706 0.0528684 0 0 0 
475 0.25 0.0670423 0.0645339 0 0 0 
500 0.272727 0.0743243 0.0805295 0 0 0 
525 0.2 0.0917847 0.0901099 0 0 0 
550 0.153846 0.100732 0.107735 0 0 0 
575 0.166667 0.101336 0.123326 0 0 0 
600 0.375 0.0995526 0.133038 0 0 0 
625 0.125 0.101004 0.13 0 0 0 
650 0.157895 0.100338 0.141118 0 0 0 
675 0.125 0.110799 0.165559 0 0 0 
700 24.4167 0.121652 0.209354 0 0 0 
725 65.4444 0.12792 0.240379 0 0 0 
750 0.0833333 0.142857 0.246506 0 0 0 
775 0.181818 0.164071 0.269123 0 0 0 
800 0 0.177679 0.298157 0 0 0 
825 0.166667 0.197222 0.324385 0 0 0 
850 0.0666667 0.220556 0.339496 0 0 0 
875 0.111111 0.301258 0.365494 0 0 0 
900 0 0.422023 0.465814 0 0 0 
925 0 0.542716 0.484729 0 0 0 
950 0 0.643089 0.609222 0 0 0 
975 0.153846 0.757941 0.575241 0 0 0 
1000 0 0.352004 0.609605 0 0 0 
1025 0 0.398559 0.635754 0 0 0 
1050 0.181818 0.433931 0.693289 0 0 0 
1075 0.384615 0.474788 0.620746 0 0 0 
1100 0.5 0.497178 0.909692 0 0 0 
1125 0.25 0.513314 0.951179 0 0 0 
1150 0.636364 0.568528 1.06993 0 0 0 
1175 0.428571 0.712147 1.60681 0 0 0 
1200 0.5 0.716401 1.17177 0 0 0 
1225 0.642857 0.913997 1.75429 0 0 0 
1250 0.363636 1.11042 1.05623 0 0 0 
1275 1.125 1.34452 1.02592 0 0 0 
1300 0.333333 1.03903 1.18567 0 0 0 
1325 1.25 0.943365 1.32775 0 0 0 
1350 1.57143 1.16843 1.40389 0 0 0 
1375 1.5 1.369 1.59499 0 0 0 
1400 1.66667 0.899781 1.1813 0 0 0 
1425 0.2 0.94798 1.25182 0 0 0 
1450 1.11111 1.0139 1.31344 0 0 0 
1475 1.3125 1.06543 1.252 0 0 0 
1500 15.4444 1.10855 1.49462 0 0 0 
1525 0.769231 1.19406 1.57919 0 0 0 
1550 0.555556 1.1631 1.84689 0 0 0 
1575 0.4 1.2047 1.53718 0 0 0 
1600 0.333333 1.24737 1.4297 0 0 0 
1625 0.533333 1.28151 1.64574 0 0 0 
1650 1.77778 1.35876 1.633 0 0 0 
1675 1 1.38975 1.54007 0 0 0 
1700 1.45455 1.47742 1.652 0 0 0 
1725 1.23529 1.47496 1.73273 0 0 0 
1750 1.76923 1.66121 1.71266 0 0 0 
1775 2.13333 1.58342 1.76927 0 0 0 
1800 1.1 1.73966 1.83871 0 0 0 
1825 1.33333 2.08959 1.8557 0 0 0 
1850 1.48 2.41396 1.9869 0 0 0 
1875 1.94444 1.79558 2.06377 0 0 0 
1900 2.0625 1.851 2.20703 0 0 0 
1925 2.21429 1.94202 2.30873 0 0 0 
1950 1.5 2.10796 2.50228 0 0 0 
1975 1.16667 2.00055 2.34729 0 0 0 
2000 1.44444 2.03008 2.28396 0 0 0 
2025 1.83333 2.1327 2.35017 0 0 0 
2050 1.36364 2.21985 2.39377 0 0 0 
2075 0.941176 2.20315 2.37026 0 0 0 
2100 1.57143 2.24693 2.37835 0 0 0 
2125 2 2.25377 2.48583 0 0 0 
2150 4.16667 2.3019 2.62653 0 0 0 
2175 3.11111 2.33763 2.7854 0 0 0 
2200 2 2.48752 3.06414 0 0 0 
2225 1.85714 2.39622 3.38808 0 0 0 
2250 1.85714 2.54885 2.95578 0 0 0 
2275 2.16667 2.74741 3.05054 0 0 0 
2300 1.75 2.72325 3.21372 0 0 0 
2325 1.25 2.74078 3.44576 0 0 0 
2350 1.14286 2.76626 3.16805 0 0 0 
2375 0.75 2.92042 3.43398 0 0 0 
2400 1 3.00221 3.743 0 0 0 
2425 1.46154 3.05107 3.36806 0 0 0 
2450 1.66667 3.11099 3.40221 0 0 0 
2475 2.6 3.04538 3.78859 0 0 0 
2500 2.33333 3.23562 3.60111 0 0 0 
2525 2 3.25278 3.95817 0 0 0 
2550 1.71429 3.4161 3.87397 0 0 0 
2575 0.875 3.65788 3.91487 0 0 0 
2600 3.57143 3.8515 4.0966 0 0 0 
2625 2.27273 3.65953 4.25069 0 0 0 
2650 4.44444 3.935 4.49302 0 0 0 
2675 2.76923 4.099 4.64812 0 0 0 
2700 5.27273 4.06116 4.78692 0 0 0 
2725 5.27273 4.32188 5.082 0 0 0 
2750 3.41667 4.48571 5.2319 0 0 0 
2775 6 4.85359 5.32007 0 0 0 
2800 5.5 5.20329 5.76145 0 0 0 
2825 4.63636 5.05041 5.55782 0 0 0 
2850 3.91667 5.46452 5.70273 0 0 0 
2875 4.18182 4.98635 5.87827 0 0 0 
2900 4.3 5.42959 6.29465 0 0 0 
2925 4.875 5.33019 6.01679 0 0 0 
2950 4 5.47165 6.36995 0 0 0 
2975 3.35714 5.80776 7.05313 0 0 0 
3000 5.66667 5.96816 7.0082 0 0 0 
3025 5.53333 6.22577 6.70781 0 0 0 
3050 6.23077 6.68089 7.15965 0 0 0 
3075 4.94444 5.95235 6.82554 0 0 0 
3100 5.77778 6.10179 7.1466 0 0 0 
3125 7.14286 6.30782 7.54178 0 0 0 
3150 7.77778 6.29303 7.48704 0 0 0 
3175 6.21429 6.69961 7.53296 0 0 0 
3200 4.26667 6.89465 7.3244 0 0 0 
3225 7 7.12002 7.49719 0 0 0 
3250 6.875 7.45721 7.66759 0 0 0 
3275 8.77778 6.98063 7.66704 0 0 0 
3300 4 7.3385 8.16863 0 0 0 
3325 5.75 7.93236 8.59406 0 0 0 
3350 6.2 7.82579 8.25592 0 0 0 
3375 7.07143 8.06818 7.83277 0 0 0 
3400 5.1875 7.99332 8.19698 0 0 0 
3425 5.46154 8.19303 8.32546 0 0 0 
3450 7.7 8.03801 8.2432 0 0 0 
3475 5.3125 7.71606 8.71421 0 0 0 
3500 8.53333 7.91214 9.06563 0 0 0 
3525 7.14286 7.79899 9.16222 0 0 0 
3550 7.9 7.90436 10.2567 0 0 0 
3575 8 8.3641 10.6363 0 0 0 
3600 8.08333 8.18289 10.7144 0 0 0 
3625 6.9 8.33782 9.04425 0 0 0 
3650 6.22222 8.43902 9.53884 0 0 0 
3675 5.5 8.6431 9.42763 0 0 0 
3700 7.14286 8.9989 10.1051 0 0 0 
3725 6.57895 9.11309 10.131 0 0 0 
3750 7.625 9.19844 9.98039 0 0 0 
3775 9.27778 9.4585 9.97594 0 0 0 
3800 6.21429 9.53289 9.83793 0 0 0 
3825 7.18182 9.60279 9.70513 0 0 0 
3850 8.83333 9.26249 9.50112 0 0 0 
3875 13 9.44488 9.96101 0 0 0 
3900 16.1429 9.53064 10.1854 0 0 0 
3925 11.0714 9.28515 10.3741 0 0 0 
3950 13.7 9.36226 10.066 0 0 0 
3975 16.5 9.6663 10.3122 0 0 0 
4000 9.11111 9.96726 10.6372 0 0 0 
4025 8.71429 10.3909 11.1554 0 0 0 
4050 7.72727 10.7102 10.5572 0 0 0 
4075 8.81818 10.1342 10.6898 0 0 0 
4100 8.5 10.57 10.7561 0 0 0 
4125 10.8182 10.5574 11.0162 0 0 0 
4150 7 10.7659 10.5512 0 0 0 
4175 7.8 10.5717 10.5359 0 0 0 
4200 7.5 10.6165 10.9646 0 0 0 
4225 13.1667 10.7272 11.0906 0 0 0 
4250 16.6667 10.6554 10.5008 0 0 0 
4275 8.5 10.1776 10.7195 0 0 0 
4300 8.08333 10.2808 11.181 0 0 0 
4325 4.15385 10.6844 11.4035 0 0 0 
4350 6.3 11.0625 11.2727 0 0 0 
4375 7.5 11.3176 11.2728 0 0 0 
4400 8.08333 11.5468 11.4001 0 0 0 
4425 6.4 10.9905 11.4494 0 0 0 
4450 7.75 10.5609 11.888 0 0 0 
4475 9.09091 10.6236 11.1222 0 0 0 
4500 9.22222 11.0935 11.5348 0 0 0 
4525 8.46154 11.3717 11.6721 0 0 0 
4550 7.33333 11.0099 11.5939 0 0 0 
4575 6.36364 10.7305 11.3358 0 0 0 
4600 6.1875 11.0855 11.2001 0 0 0 
4625 10.0909 11.4586 11.9923 0 0 0 
4650 7.76923 11.6149 12.6135 0 0 0 
4675 8.14286 11.3563 12.5955 0 0 0 
4700 5.71429 11.2528 11.679 0 0 0 
4725 11.6667 11.5961 11.5669 0 0 0 
4750 9.30769 11.8329 11.7734 0 0 0 
4775 5.0625 11.2263 12.0255 0 0 0 
4800 13.4286 11.8458 12.5696 0 0 0 
4825 8.61538 11.7358 12.527 0 0 0 
4850 10.6923 11.8924 12.782 0 0 0 
4875 14.875 11.0483 13.3905 0 0 0 
4900 12 11.2433 13.2928 0 0 0 
4925 8.375 11.7634 13.8645 0 0 0 
4950 11.8889 12.0797 13.0605 0 0 0 
4975 12.5714 12.2751 12.8494 0 0 0 
5000 5.46667 11.7964 13.1516 0 0 0 
5025 10.6154 11.9343 12.7464 0 0 0 
5050 9.375 11.7054 12.2892 0 0 0 
5075 9.55556 12.0308 12.7999 0 0 0 
5100 10 12.5217 13.171 0 0 0 
5125 9.42857 13.3808 13.1308 0 0 0 
5150 10.5 13.2935 12.9526 0 0 0 
5175 11.8889 13.2733 13.4545 0 0 0 
5200 8.72727 13.6765 13.5842 0 0 0 
5225 10.8462 13.1453 13.6616 0 0 0 
5250 8.33333 13.3409 14.2469 0 0 0 
5275 18.4 13.9024 14.2609 0 0 0 
5300 16.2727 14.1595 14.0326 0 0 0 
5325 17.5625 13.7454 14.4194 0 0 0 
5350 12.65 12.6944 15.2241 0 0 0 
5375 13.6 12.9961 14.552 0 0 0 
5400 9.88 12.926 14.2418 0 0 0 
5425 14.875 12.5144 15.0742 0 0 0 
5450 9.07692 12.6467 13.9011 0 0 0 
5475 14.25 12.9868 14.035 0 0 0 
5500 9.35294 13.297 14.248 0 0 0 
5525 9.4 13.5726 14.245 0 0 0 
5550 12 13.3491 14.3017 0 0 0 
5575 14.6667 13.408 15.0299 0 0 0 
5600 12.6875 13.3108 14.7872 0 0 0 
5625 13.7059 13.5344 14.1978 0 0 0 
5650 10.8 13.5633 14.4136 0 0 0 
5675 9.77778 13.7496 14.4595 0 0 0 
5700 7.17647 14.2806 15.3247 0 0 0 
5725 12.1111 14.7557 15.3017 0 0 0 
5750 9.77778 14.663 15.2339 0 0 0 
5775 11.7 14.2073 15.1757 0 0 0 
5800 10.5833 14.179 14.3274 0 0 0 
5825 7.66667 14.5543 14.8787 0 0 0 
5850 9.8 14.2528 15.3457 0 0 0 
5875 11.25 14.6444 16.0254 0 0 0 
5900 14.7778 14.4882 16.0204 0 0 0 
5925 11 14.5758 15.9826 0 0 0 
5950 15.75 15.6183 15.6905 0 0 0 
5975 19 15.4327 15.5644 0 0 0 
6000 18.5 14.9053 16.2375 0 0 0 
6025 23.8333 14.3423 17.1127 0 0 0 
6050 39.5 14.7125 16.3126 0 0 0 
6075 28.3333 15.305 17.4737 0 0 0 
6100 14 15.8738 16.7689 0 0 0 
6125 20 16.0657 16.6263 0 0 0 
6150 12.5 16.2289 16.7632 0 0 0 
6175 14.0909 16.1139 17.8027 0 0 0 
6200 15.5 16.5604 18.0908 0 0 0 
6225 14 16.7281 17.385 0 0 0 
6250 9.8 17.0328 17.2211 0 0 0 
6275 9.22222 16.4159 18.4412 0 0 0 
6300 11.875 16.3414 18.5572 0 0 0 
6325 13.0833 16.9282 19.3242 0 0 0 
6350 15.9167 17.4744 20.3371 0 0 0 
6375 14.9 17.4308 19.9327 0 0 0 
6400 13.1 18.1045 18.8336 0 0 0 
6425 13.5714 18.5905 19.3502 0 0 0 
6450 10.95 19.1265 19.2843 0 0 0 
6475 17.4667 19.1303 19.4677 0 0 0 
6500 14 18.4662 19.3413 0 0 0 
6525 28.5455 18.3068 19.5407 0 0 0 
6550 56.25 18.7518 20.2084 0 0 0 
6575 17.5 19.0973 20.1636 0 0 0 
6600 9.44444 19.6823 20.6449 0 0 0 
6625 15.7778 20.4761 20.0828 0 0 0 
6650 15.75 20.9077 20.482 0 0 0 
6675 19.8889 21.0796 21.4124 0 0 0 
6700 58.6667 20.9016 21.3112 0 0 0 
6725 14.2222 20.8221 21.1041 0 0 0 
6750 10.375 19.4169 21.4636 0 0 0 
6775 25.25 19.5391 21.4904 0 0 0 
6800 21.8571 19.9179 22.3407 0 0 0 
6825 14.5556 20.74 22.5383 0 0 0 
6850 19 20.1877 22.9176 0 0 0 
6875 22 20.7981 23.0196 0 0 0 
6900 7 21.1385 22.8841 0 0 0 
6925 20.25 21.021 23.4034 0 0 0 
6950 13.6 21.2824 23.7492 0 0 0 
6975 20.8 21.0696 23.4379 0 0 0 
7000 10.625 21.6611 23.3987 0 0 0 
7025 14.8182 22.8983 23.9859 0 0 0 
7050 13.875 23.8683 23.2439 0 0 0 
7075 15.6364 23.6238 24.3645 0 0 0 
7100 22.1111 22.0452 24.2578 0 0 0 
7125 22.6154 22.2719 25.0779 0 0 0 
7150 15.2 22.0362 24.6724 0 0 0 
7175 19.4545 22.4054 24.6599 0 0 0 
7200 14.0769 22.9916 24.4091 0 0 0 
7225 21 23.1494 25.7292 0 0 0 
7250 17.2667 23.1638 25.6499 0 0 0 
7275 25 22.6137 25.5107 0 0 0 
7300 13.7778 23.1429 26.5349 0 0 0 
7325 10.1667 24.3227 25.5729 0 0 0 
7350 20.6667 24.6015 26.3357 0 0 0 
7375 18.5455 23.8795 25.0822 0 0 0 
7400 17.3846 23.4431 26.3735 0 0 0 
7425 13.4545 23.5595 26.9108 0 0 0 
7450 11.3 24.6176 25.2177 0 0 0 
7475 19 23.1612 25.0781 0 0 0 
7500 10.125 24.0662 24.5309 0 0 0 
7525 18.5 25.1522 25.3425 0 0 0 
7550 14.4444 25.2059 26.2544 0 0 0 
7575 17.75 25.581 27.1119 0 0 0 
7600 19.1667 24.2091 27.069 0 0 0 
7625 16.4444 25.03 27.066 0 0 0 
7650 20.7273 25.0263 26.9813 0 0 0 
7675 24 25.1455 26.8222 0 0 0 
7700 13.4 25.42 25.455 0 0 0 
7725 10.8571 25.3282 25.5777 0 0 0 
7750 15.8889 24.6016 26.0556 0 0 0 
7775 17.2667 25.4659 26.3576 0 0 0 
7800 23.1667 25.8628 27.3675 0 0 0 
7825 25.5455 26.0264 27.7396 0 0 0 
7850 22.1875 25.8243 27.7284 0 0 0 
7875 24.7857 25.4428 26.4556 0 0 0 
7900 24.0625 26.4139 26.8751 0 0 0 
7925 25 25.3368 25.7874 0 0 0 
7950 24.7143 25.9873 26.3127 0 0 0 
7975 11.8571 25.6269 26.7943 0 0 0 
8000 22 25.5355 27.3313 0 0 0 
8025 21.0909 26.0969 26.9321 0 0 0 
8050 18.5 26.0829 26.8788 0 0 0 
8075 26.5 26.8985 27.1362 0 0 0 
8100 17.6364 27.0177 27.419 0 0 0 
8125 15.3333 25.455 26.3354 0 0 0 
8150 19.1667 26.1343 27.9383 0 0 0 
8175 10.2222 26.2977 27.6177 0 0 0 
8200 17.4286 26.604 27.9647 0 0 0 
8225 23.8 26.5356 27.12 0 0 0 
8250 15.4167 26.5525 27.6803 0 0 0 
8275 31.8571 26.8808 27.9235 0 0 0 
8300 25.6 26.5546 27.5692 0 0 0 
8325 43.1429 26.8188 28.0033 0 0 0 
8350 30.5714 26.6369 27.8605 0 0 0 
8375 25.0769 27.7425 27.8425 0 0 0 
8400 20.625 28.6256 28.9846 0 0 0 
8425 21.6429 28.7417 27.8281 0 0 0 
8450 24.2143 28.1899 29.0707 0 0 0 
8475 32.1111 27.1389 27.3989 0 0 0 
8500 15.7273 26.414 28.1668 0 0 0 
8525 21.5 27.4334 28.6094 0 0 0 
8550 17.7692 26.7041 28.542 0 0 0 
8575 21.8889 26.7522 27.0028 0 0 0 
8600 13.8571 26.3502 25.69 0 0 0 
8625 14.0833 26.336 26.3645 0 0 0 
8650 17.5 26.7289 26.7986 0 0 0 
8675 17.7778 26.3261 28.5941 0 0 0 
8700 18.1429 25.8049 27.5792 0 0 0 
8725 18.6364 26.8693 25.9184 0 0 0 
8750 23 27.1665 26.5703 0 0 0 
8775 14.5455 26.1883 26.7947 0 0 0 
8800 21 26.5688 27.7048 0 0 0 
8825 13.3571 26.6878 27.9367 0 0 0 
8850 20.5385 27.1032 27.0424 0 0 0 
8875 16 26.4095 27.1798 0 0 0 
8900 12.5 27.1475 27.06 0 0 0 
8925 17.6923 27.8661 27.2658 0 0 0 
8950 18.9091 26.0417 26.5291 0 0 0 
8975 21.5556 27.066 26.7525 0 0 0 
9000 21.25 28.9172 27.1285 0 0 0 
9025 11.5833 29.1325 25.6182 0 0 0 
9050 17.1111 28.1493 26.152 0 0 0 
9075 17 28.0975 26.1309 0 0 0 
9100 6.7 26.7185 26.6865 0 0 0 
9125 23 26.8647 27.4452 0 0 0 
9150 15.8889 25.7682 27.1677 0 0 0 
9175 19.5 27.2013 27.5183 0 0 0 
9200 18.7895 27.0084 29.3222 0 0 0 
9225 19.7826 27.8072 27.8311 0 0 0 
9250 40.4545 26.5177 26.7004 0 0 0 
9275 23.8333 26.8626 27.9218 0 0 0 
9300 25 26.7004 27.5406 0 0 0 
9325 16 26.3473 26.8214 0 0 0 
9350 9.54545 26.5835 26 0 0 0 
9375 20 27.4054 27.2596 0 0 0 
9400 13.0526 26.8552 27.8859 0 0 0 
9425 18.9 27.0583 26.7808 0 0 0 
9450 23 27.9017 28.7874 0 0 0 
9475 19.0833 28.2741 28.8676 0 0 0 
9500 13.0769 27.0944 29.0202 0 0 0 
9525 13.375 27.7624 28.2638 0 0 0 
9550 11.2308 27.5636 28.972 0 0 0 
9575 15.1818 27.8668 26.5705 0 0 0 
9600 20.1667 26.7902 26.527 0 0 0 
9625 18.0769 27.1095 27.0831 0 0 0 
9650 11.3571 26.5494 25.9802 0 0 0 
9675 17.3333 27.4551 27.1838 0 0 0 
9700 20.7143 28.1738 27.0132 0 0 0 
9725 21.3333 27.2429 27.3959 0 0 0 
9750 5.11111 28.2557 28.3049 0 0 0 
9775 12.6364 26.4688 28.5247 0 0 0 
9800 21.3333 26.8406 26.5401 0 0 0 
9825 21.5556 25.3078 26.3434 0 0 0 
9850 23.5 25.7572 26.0067 0 0 0 
9875 9.66667 26.7278 26.6033 0 0 0 
9900 23.4 26.9027 27.3858 0 0 0 
9925 27.5714 26.2668 28.0083 0 0 0 
9950 31.1429 26.5114 28.3261 0 0 0 
9975 23.5714 27.746 26.4857 0 0 0 
10000 31.8462 26.8508 27.1082 0 0 0 
