# Avida Average Data
# Fri Oct 16 05:04:26 2015
#  1: Update
#  2: Merit
#  3: Gestation Time
#  4: Fitness
#  5: Repro Rate?
#  6: (deprecated) Size
#  7: Copied Size
#  8: Executed Size
#  9: (deprecated) Abundance
# 10: Proportion of organisms that gave birth in this update
# 11: Proportion of Breed True Organisms
# 12: (deprecated) Genotype Depth
# 13: Generation
# 14: Neutral Metric
# 15: Lineage Label
# 16: True Replication Rate (based on births/update, time-averaged)

0 196.75 887.5 0 0 0 199.75 196.75 0 1 1 0 0 0 0 0 
25 196.75 887.5 0.0624208 0 0 199.75 196.75 0 0 0 0 0.25 0.0287519 0 0 
50 196.738 892.095 0.223282 0 0 199.714 196.714 0 0 0 0 1.02381 0.213776 0 0 
75 196.738 887.452 0.224489 0 0 199.714 196.738 0 0 0 0 2.02381 0.0960705 0 0 
100 196.727 882.977 0.225634 0 0 199.727 196.75 0 0.0454545 0 0 3.06818 0.064155 0 0 
125 196.705 865.463 0.230076 0 0 199.778 196.759 0 0 0 0 3.66667 0.0925012 0 0 
150 196.714 913.469 0.217801 0 0 199.673 196.643 0 0 0 0 4.41837 0.0870561 0 0 
175 196.495 913.095 0.21802 0 0 199.667 196.46 0 0 0 0 5.30952 0.00163762 0 0 
200 196.514 897.121 0.221982 0 0 199.682 196.5 0 0 0 0 6.18939 0.123953 0 0 
225 196.518 892.118 0.223238 0 0 199.681 196.507 0 0.0138889 0 0 6.79167 0.325991 0 0 
250 196.405 873.882 0.227776 0 0 199.706 196.422 0 0 0 0 8.05687 0.404964 0 0 
275 196.422 898.539 0.221411 0 0 199.737 196.402 0 0.00536193 0.00536193 0 8.91421 0.486101 0 0 
300 196.306 906.111 0.219468 0 0 199.744 196.397 0 0.00376648 0 0 9.63089 0.455092 0 0 
325 196.3 896.542 0.221784 0 0 199.737 196.339 0 0.0633914 0.0380349 0 10.271 0.486818 0 0 
350 196.24 884.926 0.224684 0 0 199.743 196.296 0 0 0 0 11.2672 0.663799 0 0 
375 196.195 866.835 0.229375 0 0 199.74 196.272 0 0.00442478 0.00147493 0 12.4528 0.785364 0 0 
400 196.575 919.629 0.216032 0 0 199.732 196.067 0 0.03156 0.0162308 0 13.1682 0.742592 0 0 
425 198.143 902.305 0.223251 0 0 199.745 196.015 0 0.0441516 0.0250412 0 13.7176 0.756494 0 0 
450 201.941 899.513 0.229769 0 0 199.749 195.991 0 0.00222222 0.00222222 0 14.5692 0.763541 0 0 
475 205.99 885.054 0.239853 0 0 199.745 195.965 0 0.0211111 0.0138889 0 15.6133 0.866964 0 0 
500 212.284 872.554 0.25081 0 0 199.734 195.926 0 0.0338889 0.0211111 0 16.7314 0.818185 0 0.086552 
525 231.933 886.774 0.271063 0 0 199.737 195.795 0 0.0233333 0.0138889 0 17.7256 0.861781 0 0.0795939 
550 281.726 931.586 0.300954 0 0 199.713 195.707 0 0.02 0.0111111 0 19.1108 0.941726 0 0.0895989 
575 382.178 928.045 0.412972 0 0 199.748 195.62 0 0.0177778 0.01 0 20.7794 0.969521 0 0.098272 
600 568.381 933.452 0.573983 0 0 199.766 195.63 0 0.0211111 0.0122222 0 22.5225 1.01623 0 0.115548 
625 757.557 932.693 0.781687 0 0 199.79 195.598 0 0.0188889 0.00888889 0 24.4894 1.11589 0 0.13222 
650 956.66 935.852 1.00592 0 0 199.809 195.481 0 0.0194444 0.0122222 0 26.4819 1.12096 0 0.151133 
675 1124.92 935.702 1.18734 0 0 199.818 195.506 0 0.0133333 0.00666667 0 28.2853 1.07015 0 0.180381 
700 1294.19 934.848 1.36561 0 0 199.815 195.471 0 0.0188889 0.0138889 0 29.9878 0.867998 0 0.218794 
725 1446.99 936.622 1.53059 0 0 199.84 195.414 0 0.0172222 0.0133333 0 31.5419 0.999828 0 0.262589 
750 1545.86 934.516 1.65097 0 0 199.822 195.367 0 0.0216667 0.0144444 0 32.9208 0.873818 0 0.30649 
775 1635.27 934.715 1.74789 0 0 199.798 195.195 0 0.02 0.0105556 0 34.0703 0.989596 0 0.351674 
800 1735.17 934.423 1.85849 0 0 199.769 195.096 0 0.0122222 0.00777778 0 35.3611 0.996696 0 0.40366 
825 1812.38 934.184 1.95437 0 0 199.773 195.049 0 0.015 0.00777778 0 36.5825 0.96507 0 0.462721 
850 1877.8 932.744 2.02716 0 0 199.759 195.002 0 0.0194444 0.0127778 0 37.7711 0.98094 0 0.520773 
875 1934.86 930.953 2.09614 0 0 199.782 194.941 0 0.0233333 0.0127778 0 38.9892 0.93615 0 0.578243 
900 1990.58 931.364 2.15485 0 0 199.756 194.73 0 0.0238889 0.0144444 0 40.1428 0.82151 0 0.638995 
925 2029.79 928.704 2.21614 0 0 199.751 194.727 0 0.02 0.015 0 40.9589 1.02128 0 0.701768 
950 2061.71 926.401 2.25014 0 0 199.776 194.726 0 0.0127778 0.00666667 0 41.7903 1.1884 0 0.765311 
975 2080.4 924.919 2.26556 0 0 199.756 194.577 0 0.0205556 0.0133333 0 42.7644 1.22358 0 0.827303 
1000 2109.97 926.463 2.30882 0 0 199.764 194.662 0 0.0127778 0.00777778 0 43.6231 1.12087 0 0.893758 
1025 2141.45 924.757 2.34158 0 0 199.763 194.599 0 0.0177778 0.0116667 0 44.6258 1.05475 0 0.959932 
1050 2162.07 924.53 2.36369 0 0 199.765 194.625 0 0.0194444 0.0116667 0 45.5928 0.920566 0 1.02229 
1075 2184.64 924.484 2.38461 0 0 199.759 194.588 0 0.0194444 0.0133333 0 46.5828 1.00995 0 1.08695 
1100 2197.77 927.423 2.39328 0 0 199.753 194.592 0 0.0227778 0.0161111 0 47.4533 0.939938 0 1.14478 
1125 2220.39 925.364 2.42193 0 0 199.754 194.561 0 0.0205556 0.0127778 0 48.4408 0.971266 0 1.1997 
1150 2228.03 922.844 2.44614 0 0 199.765 194.534 0 0.0255556 0.0144444 0 49.2833 0.83165 0 1.2458 
1175 2245 921.111 2.4648 0 0 199.77 194.639 0 0.0222222 0.0155556 0 50.1669 0.736843 0 1.28732 
1200 2252.92 920.385 2.47583 0 0 199.761 194.548 0 0.0133333 0.00944444 0 51.2369 0.554958 0 1.32305 
1225 2254.06 921.991 2.4744 0 0 199.745 194.521 0 0.0177778 0.0105556 0 52.0986 0.460054 0 1.35427 
1250 2265.71 922.011 2.48714 0 0 199.749 194.5 0 0.02 0.01 0 52.9811 0.43935 0 1.38298 
1275 2259.34 923.269 2.4785 0 0 199.738 194.322 0 0.0127778 0.00833333 0 53.6011 0.343888 0 1.40959 
1300 2267.43 920.473 2.49296 0 0 199.744 194.3 0 0.0172222 0.00777778 0 54.3775 0.469819 0 1.42685 
1325 2279.38 923.431 2.49192 0 0 199.741 194.171 0 0.0177778 0.00833333 0 55.1481 0.444331 0 1.44644 
1350 2285.8 921.745 2.50542 0 0 199.724 194.175 0 0.0144444 0.0111111 0 55.8089 0.250489 0 1.46322 
1375 2296.5 920.442 2.52352 0 0 199.724 194.151 0 0.0211111 0.0105556 0 56.5911 0.270807 0 1.47598 
1400 2313.47 921.943 2.53445 0 0 199.72 193.99 0 0.0188889 0.0138889 0 57.5406 0.154165 0 1.48854 
1425 2322.11 923.193 2.54603 0 0 199.719 193.955 0 0.0238889 0.015 0 58.2714 0.251422 0 1.50228 
1450 2323.49 920.036 2.56063 0 0 199.746 193.914 0 0.0222222 0.0122222 0 59.2458 0.295703 0 1.50856 
1475 2321.46 921.016 2.552 0 0 199.729 194.061 0 0.0194444 0.0111111 0 60.1636 0.394915 0 1.51771 
1500 2327.42 920.019 2.5607 0 0 199.723 193.966 0 0.0194444 0.01 0 61.1306 0.488712 0 1.5229 
1525 2339.72 919.946 2.57755 0 0 199.723 193.911 0 0.0244444 0.0172222 0 61.9064 0.696555 0 1.52939 
1550 2341.65 920.23 2.58401 0 0 199.73 193.796 0 0.0166667 0.00722222 0 62.7736 0.570682 0 1.53926 
1575 2352.92 921.114 2.589 0 0 199.719 193.878 0 0.02 0.0116667 0 63.4661 0.800259 0 1.54354 
1600 2349 919.911 2.58629 0 0 199.718 193.984 0 0.0233333 0.015 0 64.3011 0.89875 0 1.54765 
1625 2362.84 922.574 2.59576 0 0 199.729 193.99 0 0.0183333 0.0138889 0 65.1233 0.814781 0 1.55353 
1650 2360.61 923.202 2.58728 0 0 199.734 194.003 0 0.0183333 0.0116667 0 65.6739 1.08257 0 1.56598 
1675 2367.33 922.185 2.59771 0 0 199.718 193.892 0 0.0172222 0.0111111 0 66.5147 0.933758 0 1.57211 
1700 2376.58 921.91 2.6064 0 0 199.735 193.754 0 0.0283333 0.0127778 0 67.3881 0.893285 0 1.57845 
1725 2392.46 921.375 2.62789 0 0 199.706 193.841 0 0.0211111 0.0127778 0 68.0972 0.972134 0 1.582 
1750 2394.94 921.848 2.62999 0 0 199.694 193.893 0 0.0205556 0.0111111 0 68.9764 1.04516 0 1.5889 
1775 2397.32 922.423 2.63236 0 0 199.701 193.932 0 0.0211111 0.01 0 69.7206 1.51066 0 1.59469 
1800 2408.55 923.245 2.63898 0 0 199.696 193.864 0 0.0222222 0.0161111 0 70.2111 1.51961 0 1.60653 
1825 2420.63 922.064 2.65439 0 0 199.694 193.907 0 0.0283333 0.0188889 0 71.1278 1.39065 0 1.60764 
1850 2417.32 920.214 2.65585 0 0 199.684 193.726 0 0.02 0.015 0 72.0836 1.5264 0 1.61149 
1875 2429.3 921.458 2.66134 0 0 199.704 193.688 0 0.0255556 0.0144444 0 72.8717 1.35847 0 1.61772 
1900 2444.06 921.03 2.67936 0 0 199.693 193.656 0 0.0194444 0.0111111 0 73.9119 1.57122 0 1.62532 
1925 2450.4 921.293 2.68497 0 0 199.693 193.622 0 0.0244444 0.0155556 0 74.85 1.32115 0 1.63124 
1950 2449.89 916.451 2.7028 0 0 199.687 193.627 0 0.0205556 0.0127778 0 75.6489 1.00921 0 1.63384 
1975 2462.44 917.087 2.70892 0 0 199.689 193.494 0 0.0211111 0.0144444 0 76.4733 0.973214 0 1.63903 
2000 2455.83 918.527 2.70512 0 0 199.685 193.497 0 0.02 0.0138889 0 77.4372 0.905948 0 1.65008 
2025 2466.42 916.915 2.7251 0 0 199.667 193.558 0 0.0183333 0.01 0 78.3408 0.961859 0 1.65656 
2050 2481.9 916.294 2.74165 0 0 199.658 193.609 0 0.0311198 0.017227 0 79.1753 0.915983 0 1.65429 
2075 2487.98 913.994 2.75806 0 0 199.673 193.684 0 0.0216667 0.0161111 0 80.0275 0.705485 0 1.6555 
2100 2491.76 916.068 2.7504 0 0 199.681 193.652 0 0.0172222 0.0116667 0 80.8361 0.274171 0 1.66351 
2125 2506.92 915.566 2.77712 0 0 199.694 193.799 0 0.015 0.00777778 0 81.6567 0.351813 0 1.6662 
2150 2516.82 918.533 2.77737 0 0 199.727 193.711 0 0.0255556 0.0144444 0 82.2892 0.593451 0 1.66824 
2175 2540.57 917.799 2.80118 0 0 199.726 193.709 0 0.0233333 0.0161111 0 83.0956 0.66621 0 1.67185 
2200 2557.85 917.518 2.83295 0 0 199.74 193.679 0 0.015 0.00777778 0 83.755 0.512557 0 1.67664 
2225 2555.92 916.18 2.82827 0 0 199.751 193.673 0 0.0188889 0.0111111 0 84.4819 0.725307 0 1.68609 
2250 2567.08 914.536 2.8339 0 0 199.727 193.531 0 0.0194444 0.0144444 0 85.6 0.320681 0 1.68699 
2275 2568.64 915.655 2.8346 0 0 199.733 193.496 0 0.0288889 0.0172222 0 86.4919 0.11237 0 1.6866 
2300 2570.76 913.201 2.84642 0 0 199.733 193.353 0 0.0133333 0.0111111 0 87.2364 0.0200267 0 1.68663 
2325 2589.25 913.891 2.86476 0 0 199.75 193.365 0 0.0216667 0.0138889 0 88.3047 -0.157665 0 1.69063 
2350 2608.95 913.688 2.88597 0 0 199.764 193.439 0 0.0205556 0.0122222 0 89.2703 -0.561975 0 1.69471 
2375 2619.74 913.86 2.88989 0 0 199.775 193.395 0 0.0216667 0.0155556 0 90.175 -0.610826 0 1.70001 
2400 2636.33 915.152 2.90015 0 0 199.803 193.394 0 0.0233333 0.0127778 0 91.0667 -0.589942 0 1.70049 
2425 2661.36 915.011 2.92948 0 0 199.821 193.404 0 0.0177778 0.00833333 0 91.88 -0.683957 0 1.7063 
2450 2687.26 915.316 2.95775 0 0 199.849 193.346 0 0.0211111 0.0138889 0 92.9756 -0.634078 0 1.7183 
2475 2704.64 914.699 2.98625 0 0 199.859 193.352 0 0.0272222 0.0183333 0 94.0678 -1.06317 0 1.72812 
2500 2740.96 915.718 3.02214 0 0 199.863 193.248 0 0.0211111 0.0133333 0 94.9547 -1.13672 0 1.73218 
2525 2767.11 915.304 3.04976 0 0 199.873 193.368 0 0.0172222 0.00833333 0 95.7775 -1.48348 0 1.7436 
2550 2797.87 914.426 3.09009 0 0 199.857 193.327 0 0.0277778 0.0188889 0 96.8831 -1.53172 0 1.75862 
2575 2841.61 913.038 3.14661 0 0 199.838 193.24 0 0.0255556 0.0155556 0 97.6522 -1.36672 0 1.77593 
2600 2876.39 913.124 3.18991 0 0 199.82 193.193 0 0.0177778 0.0105556 0 98.3069 -1.05766 0 1.78542 
2625 2907.65 914.472 3.20197 0 0 199.815 193.209 0 0.0222222 0.0127778 0 99.3006 -0.982494 0 1.80456 
2650 2939.13 912.037 3.24184 0 0 199.784 193.081 0 0.0255556 0.0166667 0 100.214 -1.14859 0 1.81897 
2675 2982.97 910.324 3.30128 0 0 199.775 193.053 0 0.0205556 0.01 0 101.022 -1.38915 0 1.83245 
2700 3047.5 911.632 3.36767 0 0 199.791 193.137 0 0.0222222 0.0105556 0 101.785 -1.31084 0 1.84945 
2725 3078.01 912.028 3.40152 0 0 199.796 193.171 0 0.0211111 0.0122222 0 102.656 -1.55698 0 1.86719 
2750 3117.51 911.931 3.45326 0 0 199.785 193.16 0 0.0266667 0.0133333 0 103.596 -1.86561 0 1.88438 
2775 3158.88 912.874 3.48779 0 0 199.775 193.147 0 0.0238889 0.0144444 0 104.559 -1.96789 0 1.90845 
2800 3195.63 911.835 3.53154 0 0 199.773 193.151 0 0.0188889 0.0111111 0 105.39 -1.9473 0 1.93037 
2825 3264.17 912.215 3.60507 0 0 199.753 193.148 0 0.0166667 0.0105556 0 106.198 -1.722 0 1.95507 
2850 3298.13 911.458 3.65492 0 0 199.752 193.011 0 0.0211111 0.0144444 0 107.027 -1.81506 0 1.98068 
2875 3322.24 912.199 3.6747 0 0 199.735 193.051 0 0.0205556 0.0144444 0 107.638 -1.77253 0 2.0041 
2900 3347.41 912.965 3.70513 0 0 199.711 192.92 0 0.0272222 0.0177778 0 108.536 -1.95458 0 2.03127 
2925 3390.27 911.926 3.75852 0 0 199.685 192.983 0 0.0161111 0.0111111 0 109.346 -1.59435 0 2.05489 
2950 3442.7 912.971 3.80925 0 0 199.666 193.076 0 0.0205556 0.0138889 0 110.229 -1.89069 0 2.08309 
2975 3475.46 914.512 3.83174 0 0 199.665 193.108 0 0.0244444 0.0133333 0 110.953 -2.06437 0 2.10895 
3000 3511.01 912.158 3.88451 0 0 199.666 193.023 0 0.0233333 0.0133333 0 111.714 -2.14784 0 2.13883 
3025 3542.92 912.95 3.92817 0 0 199.649 193.013 0 0.0244444 0.0111111 0 112.401 -2.19962 0 2.16587 
3050 3567.73 910.911 3.96504 0 0 199.644 192.987 0 0.0205556 0.0133333 0 113.101 -1.70594 0 2.19684 
3075 3618.08 910.297 4.02175 0 0 199.631 193.002 0 0.0233333 0.0133333 0 113.917 -1.63788 0 2.22549 
3100 3659.48 910.467 4.06843 0 0 199.621 193.046 0 0.0222222 0.0155556 0 114.831 -1.76 0 2.2558 
3125 3725.66 908.556 4.15321 0 0 199.614 193.023 0 0.0211111 0.0138889 0 115.837 -1.87593 0 2.27794 
3150 3757.55 908.302 4.18495 0 0 199.6 193.042 0 0.0188889 0.0133333 0 116.71 -1.97583 0 2.30734 
3175 3793.64 906.869 4.24144 0 0 199.614 193.036 0 0.0216667 0.0127778 0 117.682 -2.30304 0 2.33837 
3200 3831.53 907.353 4.27299 0 0 199.609 193.02 0 0.0261111 0.0188889 0 118.721 -2.45624 0 2.3623 
3225 3851.17 909.977 4.26204 0 0 199.609 192.995 0 0.0227778 0.015 0 119.498 -2.4221 0 2.38913 
3250 3878.29 909.982 4.30678 0 0 199.633 192.998 0 0.0238889 0.0172222 0 120.238 -2.57799 0 2.41585 
3275 3919.21 909.383 4.35582 0 0 199.625 193.123 0 0.03 0.02 0 120.796 -2.29209 0 2.44512 
3300 3947.08 908.886 4.40581 0 0 199.651 193.182 0 0.0161111 0.0105556 0 121.8 -2.13147 0 2.47289 
3325 3997.95 907.939 4.47221 0 0 199.65 193.202 0 0.0211111 0.0127778 0 122.624 -2.07512 0 2.50006 
3350 4024.2 907.899 4.48714 0 0 199.659 193.257 0 0.0144444 0.00944444 0 123.63 -2.44078 0 2.52852 
3375 4069.9 909.619 4.55295 0 0 199.665 193.352 0 0.0216667 0.01 0 124.521 -2.9841 0 2.5575 
3400 4096.88 908.353 4.57842 0 0 199.647 193.362 0 0.0133333 0.01 0 125.728 -3.86925 0 2.58372 
3425 4129.01 911.318 4.59031 0 0 199.666 193.481 0 0.025 0.0138889 0 126.629 -3.95726 0 2.61117 
3450 4183.61 910.845 4.65541 0 0 199.642 193.438 0 0.0277778 0.02 0 127.602 -3.90656 0 2.63278 
3475 4223.46 910.272 4.69715 0 0 199.631 193.421 0 0.0138889 0.00944444 0 128.404 -3.94979 0 2.66371 
3500 4260.82 908.554 4.74294 0 0 199.627 193.459 0 0.0233333 0.0138889 0 129.174 -3.51299 0 2.68832 
3525 4292.13 909.794 4.77669 0 0 199.65 193.524 0 0.0216667 0.0144444 0 130.235 -3.44104 0 2.71419 
3550 4321.03 908.436 4.81596 0 0 199.675 193.544 0 0.0166667 0.00777778 0 131.154 -2.84419 0 2.74083 
3575 4338.38 906.839 4.8708 0 0 199.68 193.5 0 0.0177778 0.0133333 0 132.119 -3.23324 0 2.75757 
3600 4369.03 906.806 4.89273 0 0 199.666 193.595 0 0.015 0.00666667 0 133.104 -3.07716 0 2.78122 
3625 4419.76 908.507 4.93457 0 0 199.681 193.468 0 0.0244444 0.0144444 0 133.921 -2.86499 0 2.80592 
3650 4436.63 908.507 4.94158 0 0 199.689 193.514 0 0.0166667 0.01 0 134.848 -2.63775 0 2.83056 
3675 4498.83 907.071 5.03173 0 0 199.674 193.486 0 0.0144444 0.01 0 135.667 -2.77664 0 2.8503 
3700 4559.33 907.701 5.08363 0 0 199.678 193.543 0 0.0155556 0.00888889 0 136.444 -2.987 0 2.87698 
3725 4599.2 907.697 5.12901 0 0 199.681 193.475 0 0.0172222 0.01 0 137.504 -3.22207 0 2.90145 
3750 4655.68 910.562 5.14631 0 0 199.685 193.503 0 0.0194444 0.0116667 0 138.373 -3.2298 0 2.93331 
3775 4708.71 908.393 5.25071 0 0 199.706 193.403 0 0.02 0.0133333 0 139.17 -3.35432 0 2.95352 
3800 4758.52 908.445 5.29518 0 0 199.685 193.562 0 0.0222222 0.0155556 0 140.135 -3.31523 0 2.98395 
3825 4802.17 910.008 5.363 0 0 199.706 193.611 0 0.0238889 0.0155556 0 141.215 -3.44764 0 3.01359 
3850 4848.68 909.205 5.41302 0 0 199.723 193.609 0 0.0266667 0.0205556 0 142.24 -3.6878 0 3.03489 
3875 4889.61 907.889 5.45553 0 0 199.701 193.6 0 0.02 0.0138889 0 143.082 -3.91625 0 3.06468 
3900 4962.07 906.636 5.54688 0 0 199.702 193.519 0 0.0194444 0.0122222 0 143.758 -3.86581 0 3.08731 
3925 5025.94 908.376 5.603 0 0 199.685 193.516 0 0.0188889 0.0116667 0 144.95 -3.98857 0 3.12115 
3950 5075.32 908.987 5.66452 0 0 199.678 193.566 0 0.0222222 0.0127778 0 145.841 -4.30612 0 3.15773 
3975 5114.19 906.639 5.72794 0 0 199.687 193.466 0 0.0183333 0.00944444 0 146.531 -4.48903 0 3.18457 
4000 5148.89 905.687 5.77165 0 0 199.698 193.475 0 0.02 0.0127778 0 147.354 -4.39049 0 3.21404 
4025 5165.13 906.212 5.76811 0 0 199.704 193.49 0 0.02 0.0127778 0 148.252 -4.65259 0 3.2449 
4050 5242.73 907.272 5.88342 0 0 199.719 193.481 0 0.0166667 0.00944444 0 149.158 -4.60583 0 3.27062 
4075 5300.92 907.509 5.92463 0 0 199.732 193.539 0 0.0211111 0.0133333 0 149.879 -4.72408 0 3.30961 
4100 5311.02 905.378 5.9565 0 0 199.724 193.499 0 0.0266667 0.0155556 0 150.841 -4.85487 0 3.34341 
4125 5369.73 906.813 6.01246 0 0 199.723 193.572 0 0.0155556 0.01 0 151.815 -5.08293 0 3.37775 
4150 5429.44 908.729 6.06018 0 0 199.731 193.65 0 0.015 0.00944444 0 152.743 -5.171 0 3.40894 
4175 5500.69 908.117 6.13246 0 0 199.75 193.675 0 0.0177778 0.0133333 0 153.517 -5.34215 0 3.45094 
4200 5526.06 909.386 6.16178 0 0 199.759 193.712 0 0.0172222 0.00777778 0 154.398 -5.14331 0 3.49267 
4225 5603.39 906.75 6.27029 0 0 199.755 193.661 0 0.0233333 0.0172222 0 155.227 -5.29018 0 3.5252 
4250 5638.54 904.004 6.29533 0 0 199.755 193.681 0 0.0216667 0.0155556 0 156.115 -5.44732 0 3.55543 
4275 5696.95 903.76 6.39691 0 0 199.754 193.679 0 0.0188889 0.0111111 0 156.785 -5.25818 0 3.59219 
4300 5723.97 906.35 6.38137 0 0 199.746 193.754 0 0.02 0.0116667 0 157.72 -5.34463 0 3.62768 
4325 5794.39 903.455 6.52213 0 0 199.749 193.79 0 0.0211111 0.0133333 0 158.438 -5.58023 0 3.65488 
4350 5879.05 904.183 6.61707 0 0 199.732 193.731 0 0.0266667 0.0172222 0 159.387 -5.7092 0 3.69376 
4375 5894.54 905.789 6.62364 0 0 199.73 193.765 0 0.0277778 0.0177778 0 160.305 -5.86483 0 3.72389 
4400 5908.98 904.721 6.64716 0 0 199.733 193.766 0 0.0227778 0.0172222 0 161.335 -6.05775 0 3.76516 
4425 5967.85 904.89 6.69883 0 0 199.744 193.797 0 0.0188889 0.0105556 0 162.123 -6.18065 0 3.7901 
4450 6024.42 904.29 6.74934 0 0 199.757 193.902 0 0.0155556 0.00833333 0 162.993 -6.21543 0 3.82325 
4475 6063.12 904.949 6.80973 0 0 199.781 193.866 0 0.0172222 0.0116667 0 163.855 -6.10229 0 3.85832 
4500 6097.48 906.473 6.82181 0 0 199.795 193.903 0 0.0177827 0.0127813 0 164.602 -5.96322 0 3.89459 
4525 6149.52 905.863 6.90586 0 0 199.804 193.899 0 0.0194444 0.0122222 0 165.68 -5.86227 0 3.92377 
4550 6201.15 905.901 6.93555 0 0 199.801 193.866 0 0.0155556 0.00833333 0 166.728 -6.06558 0 3.96027 
4575 6231.39 906.516 6.96402 0 0 199.808 193.885 0 0.0277778 0.0177778 0 167.843 -6.24583 0 3.99604 
4600 6248.08 906.003 6.98915 0 0 199.8 193.896 0 0.025 0.0172222 0 168.687 -6.12372 0 4.02246 
4625 6232.57 904.554 6.94223 0 0 199.777 193.849 0 0.02 0.0116667 0 169.542 -6.02831 0 4.05382 
4650 6280.27 903.69 7.04456 0 0 199.792 193.811 0 0.0188889 0.0144444 0 170.364 -5.96361 0 4.07993 
4675 6331.55 905.152 7.09814 0 0 199.815 193.88 0 0.0194444 0.0105556 0 171.439 -6.11901 0 4.10325 
4700 6400.04 903.548 7.16844 0 0 199.821 193.937 0 0.0183333 0.0111111 0 172.306 -6.03001 0 4.12103 
4725 6444.7 905.169 7.20497 0 0 199.817 193.954 0 0.015 0.01 0 173.386 -5.96273 0 4.1522 
4750 6522.75 906.119 7.30807 0 0 199.823 193.98 0 0.0183333 0.0133333 0 174.363 -6.14305 0 4.18408 
4775 6555.04 904.981 7.35241 0 0 199.817 194.001 0 0.0161111 0.0111111 0 175.039 -5.68944 0 4.21663 
4800 6618.6 905.834 7.41236 0 0 199.819 193.935 0 0.0233333 0.0161111 0 176.115 -5.43164 0 4.23861 
4825 6695.96 905.584 7.49876 0 0 199.792 194.003 0 0.0211111 0.0155556 0 176.864 -5.18058 0 4.27711 
4850 6725.01 905.438 7.50628 0 0 199.787 193.989 0 0.0166667 0.0127778 0 177.724 -4.67028 0 4.30627 
4875 6747.8 903.899 7.55555 0 0 199.796 194.012 0 0.0177778 0.00944444 0 178.566 -4.67078 0 4.34023 
4900 6771.42 903.584 7.59953 0 0 199.819 194.066 0 0.0233333 0.0105556 0 179.349 -4.40708 0 4.36495 
4925 6797.08 903.499 7.62934 0 0 199.808 194.016 0 0.0238889 0.0161111 0 180.364 -4.29339 0 4.39767 
4950 6826.94 903.876 7.65148 0 0 199.833 194.129 0 0.0166667 0.00944444 0 181.263 -3.89386 0 4.42693 
4975 6854.19 904.584 7.67646 0 0 199.824 194.04 0 0.0261111 0.0155556 0 182.077 -3.62091 0 4.44118 
5000 6877.52 905.034 7.72283 0 0 199.842 194.001 0 0.0172222 0.00777778 0 183.137 -3.64893 0 4.47185 
5025 6907.62 907.038 7.68837 0 0 199.842 194.024 0 0.0266667 0.0133333 0 184.046 -3.49674 0 4.49741 
5050 6916.47 906.78 7.71174 0 0 199.844 193.923 0 0.0216667 0.0116667 0 184.921 -3.48653 0 4.52492 
5075 6960.22 906.258 7.78167 0 0 199.834 194.019 0 0.0188889 0.0138889 0 185.625 -3.15186 0 4.55832 
5100 7011.32 906.357 7.8483 0 0 199.812 193.998 0 0.0172222 0.01 0 186.43 -3.3779 0 4.59491 
5125 7007.06 907.378 7.83992 0 0 199.801 193.979 0 0.0166667 0.00944444 0 187.207 -3.0509 0 4.62975 
5150 7034.17 906.042 7.90005 0 0 199.803 193.909 0 0.0194444 0.0122222 0 188.244 -3.25386 0 4.65811 
5175 7037.55 905.589 7.88925 0 0 199.79 193.933 0 0.0194444 0.00722222 0 189.102 -3.10735 0 4.69425 
5200 7067.85 905.248 7.91008 0 0 199.778 193.967 0 0.02 0.01 0 189.896 -3.0582 0 4.72383 
5225 7072.24 906.125 7.90834 0 0 199.802 194.041 0 0.0227778 0.0161111 0 190.708 -2.73654 0 4.74784 
5250 7099.16 905.934 7.93257 0 0 199.817 194.085 0 0.0227778 0.0155556 0 191.558 -2.72821 0 4.7692 
5275 7160.96 905.176 7.99984 0 0 199.82 193.986 0 0.0194498 0.0144485 0 192.611 -3.02289 0 4.79107 
5300 7205.78 903.106 8.04363 0 0 199.819 194.068 0 0.0161111 0.0111111 0 193.473 -2.79809 0 4.81655 
5325 7233.58 902.824 8.10021 0 0 199.838 194.061 0 0.0233333 0.0138889 0 194.446 -2.93021 0 4.82717 
5350 7274.72 902.114 8.1598 0 0 199.841 194.07 0 0.0227778 0.0133333 0 195.202 -2.99829 0 4.8349 
5375 7295.12 903.371 8.17574 0 0 199.861 194.097 0 0.025 0.0161111 0 195.905 -2.96772 0 4.8481 
5400 7319.68 905.676 8.17849 0 0 199.87 194.094 0 0.0155556 0.00944444 0 196.667 -3.23728 0 4.87745 
5425 7308.33 904.228 8.20789 0 0 199.873 193.957 0 0.0194444 0.0138889 0 197.439 -3.45472 0 4.88941 
5450 7310.55 906.699 8.17715 0 0 199.863 194.004 0 0.0177778 0.00944444 0 198.004 -3.65958 0 4.90276 
5475 7346.19 905.98 8.22701 0 0 199.848 194.061 0 0.015 0.0105556 0 199.015 -3.56092 0 4.93749 
5500 7414.5 903.725 8.30218 0 0 199.847 194.139 0 0.0205556 0.0111111 0 199.965 -3.42488 0 4.9403 
5525 7479.3 904.419 8.37224 0 0 199.849 194.109 0 0.0266667 0.0155556 0 201.058 -3.30543 0 4.96192 
5550 7606.78 904.661 8.53908 0 0 199.85 194.123 0 0.0205556 0.0105556 0 201.874 -3.30561 0 4.97974 
5575 7643.51 905.141 8.57553 0 0 199.857 194.198 0 0.0211111 0.0127778 0 202.736 -3.06699 0 4.99012 
5600 7621.83 903.359 8.57474 0 0 199.868 194.211 0 0.025 0.0155556 0 203.502 -2.79245 0 5.00743 
5625 7640.26 903.948 8.59717 0 0 199.873 194.211 0 0.0205556 0.0161111 0 204.199 -2.87479 0 5.02027 
5650 7677.09 903.403 8.63686 0 0 199.858 194.217 0 0.0138889 0.0105556 0 205.059 -2.91632 0 5.04773 
5675 7707.58 906.097 8.65652 0 0 199.867 194.163 0 0.0238889 0.0138889 0 206.109 -2.91301 0 5.06703 
5700 7734.06 905.613 8.67345 0 0 199.875 194.082 0 0.0305556 0.0177778 0 206.924 -2.75925 0 5.09954 
5725 7736.54 904.129 8.67935 0 0 199.848 194.211 0 0.0233333 0.0138889 0 207.714 -2.53539 0 5.12545 
5750 7751.66 903.382 8.68936 0 0 199.842 194.212 0 0.0177778 0.0105556 0 208.654 -2.26935 0 5.15727 
5775 7740.95 901.589 8.73604 0 0 199.841 194.151 0 0.0183333 0.0105556 0 209.451 -2.45757 0 5.17956 
5800 7767.29 901.873 8.73844 0 0 199.84 194.109 0 0.02 0.0105556 0 210.35 -2.67281 0 5.19659 
5825 7784.75 904.005 8.70134 0 0 199.848 194.152 0 0.0211111 0.0111111 0 210.832 -2.73072 0 5.22266 
5850 7805.03 903.361 8.72923 0 0 199.858 194.149 0 0.0238889 0.0144444 0 211.51 -2.45476 0 5.25975 
5875 7830.67 902.402 8.78305 0 0 199.856 194.05 0 0.0216667 0.0122222 0 212.485 -2.53115 0 5.2772 
5900 7832.65 904.25 8.74624 0 0 199.869 194.015 0 0.015 0.0105556 0 213.054 -2.45044 0 5.30101 
5925 7873.52 901.926 8.83353 0 0 199.862 193.941 0 0.0205556 0.0144444 0 213.979 -2.30812 0 5.32538 
5950 7948.72 903.36 8.92422 0 0 199.871 193.921 0 0.0238889 0.015 0 214.776 -2.21105 0 5.34464 
5975 7969.15 902.915 8.91057 0 0 199.874 193.952 0 0.0172222 0.0111111 0 215.614 -2.02253 0 5.3721 
6000 7980.49 900.536 8.97749 0 0 199.88 194.003 0 0.0222222 0.0144444 0 216.321 -2.14379 0 5.39333 
6025 8047.07 901.629 9.03525 0 0 199.883 194.04 0 0.0227778 0.0161111 0 217.195 -1.85749 0 5.41291 
6050 8043.77 903.208 9.00939 0 0 199.872 193.932 0 0.0227778 0.0122222 0 217.897 -1.20955 0 5.43705 
6075 8090.95 901.145 9.10526 0 0 199.875 193.931 0 0.0238889 0.0155556 0 218.684 -1.3511 0 5.44667 
6100 8120.05 902.166 9.10735 0 0 199.871 193.893 0 0.02 0.0133333 0 219.583 -1.78034 0 5.46696 
6125 8108.12 903.473 9.08829 0 0 199.895 193.964 0 0.0183333 0.0122222 0 220.289 -1.63886 0 5.48666 
6150 8121.31 902.997 9.11762 0 0 199.915 194.001 0 0.0233333 0.0183333 0 221.249 -1.79105 0 5.50513 
6175 8097.14 901.634 9.08334 0 0 199.918 193.998 0 0.0211111 0.0144444 0 222.116 -1.51447 0 5.52668 
6200 8131.23 902.271 9.14938 0 0 199.908 193.977 0 0.0255556 0.0183333 0 223.044 -1.59561 0 5.53409 
6225 8069.17 904.385 9.06021 0 0 199.904 193.968 0 0.0216667 0.0122222 0 224.085 -1.61514 0 5.55578 
6250 8097.96 902.916 9.09463 0 0 199.882 193.945 0 0.025 0.015 0 225.047 -0.946175 0 5.56984 
6275 8140.74 902.735 9.15419 0 0 199.861 193.934 0 0.0222222 0.015 0 225.975 -0.601393 0 5.58605 
6300 8145.88 902.802 9.15319 0 0 199.871 193.929 0 0.0205556 0.015 0 226.847 -0.607177 0 5.60729 
6325 8155.15 901.688 9.19021 0 0 199.879 193.953 0 0.0244444 0.0138889 0 227.928 -0.653536 0 5.61746 
6350 8185.56 907.051 9.13858 0 0 199.88 193.853 0 0.0194444 0.0111111 0 228.603 -0.869683 0 5.6377 
6375 8201.81 903.009 9.18649 0 0 199.866 193.878 0 0.0205556 0.0127778 0 229.491 -0.59103 0 5.65413 
6400 8191.78 903.882 9.18714 0 0 199.876 193.882 0 0.0227778 0.0138889 0 230.546 -0.329022 0 5.6596 
6425 8246.89 905.197 9.21709 0 0 199.863 193.803 0 0.0138889 0.01 0 231.492 -0.418532 0 5.68809 
6450 8254.52 904.217 9.24931 0 0 199.889 193.778 0 0.0227778 0.0166667 0 232.537 -0.620236 0 5.70098 
6475 8275.1 903.145 9.26149 0 0 199.863 193.722 0 0.0127778 0.00611111 0 233.313 -0.616025 0 5.70709 
6500 8293.98 902.059 9.30374 0 0 199.877 193.837 0 0.0227778 0.0138889 0 234.291 -0.769541 0 5.7322 
6525 8297.01 903.661 9.29717 0 0 199.897 193.87 0 0.0238889 0.0172222 0 235.207 -0.835745 0 5.74728 
6550 8374.43 903.572 9.38652 0 0 199.878 193.73 0 0.0255556 0.0138889 0 236.061 -0.667931 0 5.75493 
6575 8438.92 905.057 9.45653 0 0 199.879 193.887 0 0.02 0.0133333 0 237.204 -0.59309 0 5.78799 
6600 8477.73 904.757 9.50921 0 0 199.863 193.879 0 0.0205556 0.0138889 0 238.132 -0.647985 0 5.80119 
6625 8458.52 902.034 9.51922 0 0 199.879 193.624 0 0.02 0.01 0 239.262 -0.566053 0 5.81457 
6650 8496.75 901.564 9.52288 0 0 199.871 193.775 0 0.0244444 0.0144444 0 239.984 -0.412451 0 5.8214 
6675 8542.93 900.206 9.62839 0 0 199.871 193.845 0 0.0233333 0.0155556 0 240.812 -0.312026 0 5.82519 
6700 8584.73 901.831 9.6383 0 0 199.847 193.829 0 0.0205556 0.0116667 0 241.636 -0.380737 0 5.83741 
6725 8576.09 903.34 9.59872 0 0 199.846 193.859 0 0.0211111 0.0144444 0 242.3 -0.501955 0 5.84738 
6750 8672.68 902.787 9.7291 0 0 199.828 193.819 0 0.0272222 0.0133333 0 243.102 -0.664181 0 5.86158 
6775 8714.71 902.03 9.74243 0 0 199.832 193.832 0 0.0227778 0.015 0 243.938 -0.298244 0 5.87465 
6800 8716.75 902.693 9.77665 0 0 199.839 193.783 0 0.0227778 0.0188889 0 244.832 -0.429599 0 5.88995 
6825 8743.24 902.075 9.8021 0 0 199.867 193.798 0 0.0183333 0.0138889 0 245.467 -0.615543 0 5.92338 
6850 8720.97 899.711 9.80938 0 0 199.873 193.794 0 0.0155556 0.0105556 0 245.868 -0.457982 0 5.93927 
6875 8680.58 900.342 9.78902 0 0 199.879 193.781 0 0.0255556 0.0166667 0 246.788 -0.81271 0 5.95043 
6900 8679.84 898.513 9.81433 0 0 199.889 193.768 0 0.0194444 0.0133333 0 247.698 -1.23384 0 5.95428 
6925 8697.12 900.426 9.765 0 0 199.892 193.778 0 0.0211111 0.0122222 0 248.563 -1.24313 0 5.95546 
6950 8686.75 897.546 9.76285 0 0 199.903 193.797 0 0.02 0.0133333 0 249.451 -1.03612 0 5.96931 
6975 8690.41 902.439 9.72789 0 0 199.898 193.908 0 0.0233333 0.0172222 0 250.411 -0.810112 0 5.98396 
7000 8718.46 901.722 9.8041 0 0 199.895 193.904 0 0.0194444 0.01 0 251.377 -0.99358 0 6.00024 
7025 8744.93 901.114 9.83137 0 0 199.908 193.966 0 0.0272222 0.0183333 0 252.183 -0.897929 0 6.00266 
7050 8772.55 901.477 9.84906 0 0 199.91 193.935 0 0.0188889 0.0133333 0 253.298 -1.16377 0 6.02046 
7075 8762.41 898.497 9.84972 0 0 199.91 193.89 0 0.0211111 0.015 0 254.078 -1.31305 0 6.02205 
7100 8807.96 899.285 9.90316 0 0 199.906 193.882 0 0.0233333 0.0127778 0 254.864 -1.0564 0 6.02773 
7125 8824.71 903.754 9.84035 0 0 199.927 193.89 0 0.02 0.0133333 0 255.768 -0.641003 0 6.06342 
7150 8840.79 899.903 9.96387 0 0 199.945 193.904 0 0.0211111 0.0161111 0 256.718 -0.611145 0 6.06746 
7175 8897.7 900.174 10.0129 0 0 199.95 193.904 0 0.0205556 0.0127778 0 257.592 -0.0249553 0 6.07605 
7200 8857.38 901.994 9.92442 0 0 199.955 193.905 0 0.0194444 0.01 0 258.704 -0.37982 0 6.09483 
7225 8894.65 901.213 10.007 0 0 199.952 193.825 0 0.0166667 0.01 0 259.741 -0.453297 0 6.09859 
7250 8906.6 901.207 10.0196 0 0 199.961 193.864 0 0.0205556 0.0133333 0 260.57 -0.196214 0 6.09975 
7275 8918.69 902.685 10.0036 0 0 199.965 193.929 0 0.0261111 0.0172222 0 261.434 -0.572821 0 6.10825 
7300 8947.16 902.597 10.0413 0 0 199.978 193.994 0 0.0233333 0.0166667 0 262.41 -0.619013 0 6.11908 
7325 8955.66 900.328 10.088 0 0 199.989 194.037 0 0.025 0.0138889 0 263.288 -0.589001 0 6.11618 
7350 8958.66 901.148 10.0459 0 0 200.002 193.962 0 0.0172222 0.00944444 0 263.846 -0.301684 0 6.11842 
7375 8962.53 900.297 10.0562 0 0 199.981 193.87 0 0.0177778 0.00944444 0 264.633 -0.570669 0 6.13984 
7400 9013.16 900.25 10.154 0 0 199.984 193.792 0 0.0211111 0.0116667 0 265.559 -1.02349 0 6.14846 
7425 9085.78 899.516 10.2335 0 0 199.991 193.875 0 0.0244444 0.0188889 0 266.508 -1.26475 0 6.15424 
7450 9030.32 902.426 10.137 0 0 199.988 193.875 0 0.0222222 0.0127778 0 267.478 -1.15489 0 6.16801 
7475 9025.21 902.066 10.0948 0 0 199.988 193.976 0 0.0188889 0.0122222 0 268.448 -1.08478 0 6.16749 
7500 9066.07 901.072 10.1741 0 0 199.975 193.97 0 0.0288889 0.0161111 0 269.357 -0.809502 0 6.16055 
7525 9146.32 901.167 10.2505 0 0 199.978 193.946 0 0.0172222 0.0105556 0 270.201 -1.11231 0 6.18704 
7550 9174.14 902.531 10.2719 0 0 199.974 193.868 0 0.0166667 0.01 0 270.969 -1.24913 0 6.19784 
7575 9295.4 901.418 10.4694 0 0 199.971 193.949 0 0.0205556 0.01 0 271.915 -1.5265 0 6.21271 
7600 9367.56 901.623 10.6058 0 0 200.001 194.041 0 0.0205556 0.0138889 0 272.874 -1.41133 0 6.2297 
7625 9342.22 901.519 10.5547 0 0 200.024 194.106 0 0.0222284 0.0177827 0 273.605 -1.15851 0 6.21925 
7650 9371.42 902.212 10.5152 0 0 200.035 194.127 0 0.0233333 0.0111111 0 274.46 -0.844185 0 6.25251 
7675 9395.97 902.283 10.5837 0 0 200.045 194.166 0 0.0172222 0.01 0 275.282 -0.837368 0 6.26922 
7700 9352.15 903.507 10.4911 0 0 200.063 194.199 0 0.0216667 0.0166667 0 276.134 -0.763808 0 6.29277 
7725 9454.9 903.542 10.5816 0 0 200.074 194.219 0 0.0155556 0.00777778 0 276.981 -0.503134 0 6.31752 
7750 9473.6 902.132 10.635 0 0 200.065 194.192 0 0.0161111 0.0116667 0 278.054 -0.351524 0 6.33721 
7775 9546.97 904.207 10.6455 0 0 200.059 194.198 0 0.0222222 0.0111111 0 278.775 0.0421914 0 6.35132 
7800 9588.47 904.44 10.707 0 0 200.069 194.14 0 0.0266667 0.0127778 0 279.757 0.205708 0 6.37055 
7825 9659.78 903.124 10.8042 0 0 200.063 194.23 0 0.0266667 0.0172222 0 280.811 0.290092 0 6.39162 
7850 9659.22 904.598 10.7889 0 0 200.066 194.311 0 0.0183333 0.00944444 0 281.792 0.415221 0 6.41112 
7875 9728.14 903.521 10.8744 0 0 200.063 194.318 0 0.0172222 0.0105556 0 282.714 0.302064 0 6.45275 
7900 9766.54 903.7 10.9304 0 0 200.048 194.313 0 0.0205556 0.0144444 0 283.283 0.00320751 0 6.48758 
7925 9770.79 905.786 10.9223 0 0 200.052 194.321 0 0.0166667 0.01 0 284.038 0.0848337 0 6.52734 
7950 9804.39 904.008 11.0122 0 0 200.066 194.296 0 0.0127778 0.00833333 0 284.976 -0.321842 0 6.55133 
7975 9896.49 903.056 11.0872 0 0 200.084 194.252 0 0.0194444 0.0116667 0 285.717 -0.602468 0 6.59128 
8000 9914.54 902.661 11.111 0 0 200.104 194.381 0 0.0205556 0.0116667 0 286.652 -0.557986 0 6.62587 
8025 10016.8 902.373 11.2689 0 0 200.094 194.287 0 0.0216667 0.0144444 0 287.553 -0.662119 0 6.63987 
8050 9981.6 902.146 11.1846 0 0 200.074 194.248 0 0.0211111 0.01 0 288.504 -0.828121 0 6.6733 
8075 9938.11 901.199 11.1802 0 0 200.064 194.261 0 0.0311111 0.0177778 0 289.51 -0.330123 0 6.68825 
8100 9982.69 901.087 11.2473 0 0 200.052 194.27 0 0.0238889 0.0133333 0 290.418 -0.366611 0 6.70252 
8125 9977.94 902.032 11.2304 0 0 200.061 194.187 0 0.0294444 0.0194444 0 291.249 -0.478054 0 6.72623 
8150 10063.1 903.832 11.3024 0 0 200.074 194.245 0 0.0233333 0.0161111 0 292.265 -0.595377 0 6.74213 
8175 10096.6 904.618 11.3412 0 0 200.088 194.305 0 0.0205556 0.0116667 0 293.05 -0.650264 0 6.78493 
8200 10055.4 904.958 11.2749 0 0 200.075 194.301 0 0.0261111 0.0166667 0 293.819 -0.734742 0 6.79541 
8225 10077.4 906.207 11.2086 0 0 200.078 194.362 0 0.0233333 0.0177778 0 294.408 -0.955341 0 6.82356 
8250 10088.6 903.04 11.3138 0 0 200.083 194.374 0 0.025 0.0144444 0 295.14 -0.87799 0 6.83165 
8275 10136.8 904.788 11.3434 0 0 200.096 194.293 0 0.0194444 0.0105556 0 295.842 -0.594642 0 6.86404 
8300 10146.9 902.922 11.3535 0 0 200.111 194.304 0 0.0227778 0.0133333 0 296.928 -0.432743 0 6.87976 
8325 10144.3 903.5 11.3976 0 0 200.104 194.322 0 0.02 0.0111111 0 297.927 -0.415762 0 6.90713 
8350 10150 905.845 11.3327 0 0 200.089 194.301 0 0.0194444 0.0116667 0 298.697 -1.05472 0 6.93696 
8375 10160.8 905.156 11.3405 0 0 200.093 194.275 0 0.0216667 0.0138889 0 299.527 -1.54592 0 6.92798 
8400 10148.5 905.922 11.3477 0 0 200.083 194.416 0 0.0205556 0.0122222 0 300.904 -1.73204 0 6.94545 
8425 10166.8 906.206 11.3702 0 0 200.104 194.446 0 0.0205556 0.0133333 0 301.823 -1.64999 0 6.94556 
8450 10210.6 906.274 11.4019 0 0 200.113 194.478 0 0.025 0.0155556 0 302.793 -0.923919 0 6.96763 
8475 10177.2 903.364 11.4364 0 0 200.11 194.489 0 0.0211111 0.0122222 0 303.817 -1.02855 0 6.95904 
8500 10184.7 903.981 11.4052 0 0 200.128 194.496 0 0.02 0.0138889 0 304.771 -1.0794 0 6.97086 
8525 10183.4 904.985 11.4029 0 0 200.148 194.423 0 0.0211111 0.0144444 0 305.212 -1.02747 0 6.98307 
8550 10193.3 904.332 11.4704 0 0 200.144 194.366 0 0.0183333 0.01 0 306.222 -1.20685 0 6.99337 
8575 10292.8 905.033 11.5485 0 0 200.145 194.402 0 0.0183333 0.0122222 0 307.149 -1.82958 0 7.00988 
8600 10295 906.987 11.52 0 0 200.162 194.483 0 0.0144444 0.00888889 0 307.727 -1.80424 0 7.03675 
8625 10269.8 903.969 11.5421 0 0 200.171 194.508 0 0.0183333 0.0105556 0 308.592 -2.31524 0 7.03986 
8650 10293.2 905.798 11.539 0 0 200.171 194.454 0 0.0205556 0.00944444 0 309.571 -2.35241 0 7.04561 
8675 10290.2 907.075 11.532 0 0 200.185 194.466 0 0.0216667 0.0155556 0 310.048 -2.25578 0 7.03389 
8700 10271.6 907.382 11.4737 0 0 200.188 194.546 0 0.0172222 0.0116667 0 310.796 -2.31148 0 7.048 
8725 10336.6 905.977 11.5903 0 0 200.215 194.618 0 0.0194444 0.015 0 311.768 -2.49409 0 7.04937 
8750 10435.4 907.42 11.6804 0 0 200.229 194.704 0 0.0272222 0.0183333 0 312.569 -2.88289 0 7.07475 
8775 10548.6 904.372 11.8164 0 0 200.239 194.715 0 0.0222222 0.015 0 313.701 -2.3249 0 7.07675 
8800 10529.6 905.51 11.8001 0 0 200.261 194.72 0 0.0211111 0.0116667 0 314.697 -2.66685 0 7.09452 
8825 10638.2 905.645 11.8915 0 0 200.271 194.735 0 0.0183333 0.0111111 0 315.814 -2.49676 0 7.10442 
8850 10619.6 905.091 11.9037 0 0 200.256 194.714 0 0.0177778 0.0122222 0 316.668 -2.10522 0 7.11092 
8875 10698.1 905.483 11.9836 0 0 200.26 194.732 0 0.0211111 0.0111111 0 317.351 -2.46761 0 7.12573 
8900 10727.5 906.769 11.9604 0 0 200.272 194.724 0 0.025 0.0188889 0 318.328 -2.56751 0 7.14301 
8925 10716.1 906.376 11.9621 0 0 200.269 194.775 0 0.0222222 0.015 0 319.554 -2.48262 0 7.16767 
8950 10699.1 906.171 11.9443 0 0 200.274 194.803 0 0.0194444 0.0105556 0 320.673 -2.81894 0 7.17624 
8975 10705.6 906.257 11.9191 0 0 200.286 194.791 0 0.02 0.00888889 0 321.827 -2.20614 0 7.2065 
9000 10703.4 906.669 11.9582 0 0 200.296 194.779 0 0.0155556 0.00944444 0 322.997 -2.23805 0 7.23207 
9025 10648.6 905.817 11.9164 0 0 200.317 194.877 0 0.0205556 0.01 0 324.004 -2.60006 0 7.24885 
9050 10699.4 905.955 11.9359 0 0 200.338 194.933 0 0.0194444 0.0127778 0 325.083 -2.60586 0 7.25223 
9075 10722.1 904.125 11.9744 0 0 200.366 194.902 0 0.0255556 0.0127778 0 325.974 -2.31744 0 7.26495 
9100 10705.6 905.323 11.9657 0 0 200.353 194.889 0 0.0216667 0.0144444 0 326.879 -2.26126 0 7.26395 
9125 10802.3 905.719 12.0608 0 0 200.36 194.915 0 0.0238889 0.0166667 0 327.542 -2.2981 0 7.27927 
9150 10845.6 907.238 12.1047 0 0 200.388 194.965 0 0.0194444 0.0138889 0 328.349 -2.10294 0 7.31899 
9175 10805.4 907.225 12.0722 0 0 200.404 194.955 0 0.0244444 0.0122222 0 329.413 -2.49477 0 7.34356 
9200 10850.2 905.815 12.1563 0 0 200.41 194.947 0 0.0227778 0.0166667 0 330.371 -2.6622 0 7.35454 
9225 10868.4 905.132 12.1604 0 0 200.421 194.974 0 0.0166667 0.00666667 0 331.716 -2.38945 0 7.36842 
9250 10891 905.92 12.1353 0 0 200.429 195.009 0 0.02 0.0116667 0 332.589 -2.57963 0 7.38217 
9275 10870.8 905.424 12.0976 0 0 200.462 195.058 0 0.0233333 0.0161111 0 333.474 -2.33584 0 7.38373 
9300 10871 906.359 12.1231 0 0 200.473 195.042 0 0.0161111 0.0111111 0 334.471 -2.57274 0 7.39695 
9325 10790.2 906.024 12.1061 0 0 200.486 195.082 0 0.0166667 0.00888889 0 335.402 -2.78792 0 7.39344 
9350 10823.2 907.726 12.1383 0 0 200.496 195.148 0 0.0222222 0.0127778 0 336.36 -2.72439 0 7.40453 
9375 10868.6 909.202 12.1079 0 0 200.494 195.099 0 0.0238889 0.0133333 0 337.517 -3.16052 0 7.4302 
9400 10896.3 906.728 12.1679 0 0 200.486 195.045 0 0.0194444 0.0133333 0 338.51 -3.10359 0 7.43536 
9425 10904.5 907.123 12.1564 0 0 200.488 195.06 0 0.0261111 0.0133333 0 339.695 -3.07937 0 7.43299 
9450 10937.8 907.73 12.2487 0 0 200.483 195.061 0 0.0233333 0.0172222 0 340.511 -3.17266 0 7.43129 
9475 10947.5 908.602 12.1719 0 0 200.458 195.067 0 0.0255556 0.015 0 341.427 -3.26649 0 7.43941 
9500 10941.4 910.343 12.1434 0 0 200.473 195.105 0 0.02 0.0127778 0 342.546 -3.33335 0 7.44206 
9525 10858.6 908.251 12.1032 0 0 200.471 195.055 0 0.0211111 0.0122222 0 343.325 -3.22007 0 7.45754 
9550 10927.9 908.208 12.1779 0 0 200.492 195.162 0 0.0222222 0.0155556 0 344.481 -3.66586 0 7.47124 
9575 10900.6 908.961 12.1405 0 0 200.5 195.174 0 0.0211111 0.0111111 0 345.28 -3.4182 0 7.48491 
9600 10847.8 907.822 12.1447 0 0 200.522 195.234 0 0.0161111 0.01 0 346.121 -3.88728 0 7.49545 
9625 10862.7 909.007 12.1104 0 0 200.534 195.281 0 0.0205556 0.01 0 347.056 -3.92027 0 7.51946 
9650 10831.8 909.232 12.0675 0 0 200.523 195.159 0 0.0288889 0.0155556 0 348.282 -3.73252 0 7.49591 
9675 10768 907.9 12.0061 0 0 200.523 195.222 0 0.0188889 0.01 0 349.245 -3.22283 0 7.49969 
9700 10821.1 907.48 12.1043 0 0 200.536 195.302 0 0.0205556 0.0122222 0 350.274 -3.5473 0 7.49405 
9725 10886.3 906.537 12.2002 0 0 200.536 195.293 0 0.0233333 0.0172222 0 351.043 -3.46025 0 7.48814 
9750 10848.1 906.704 12.0877 0 0 200.551 195.321 0 0.0194444 0.0127778 0 351.767 -3.12384 0 7.48567 
9775 10885.6 907.893 12.1089 0 0 200.572 195.274 0 0.0211111 0.0144444 0 352.869 -3.30124 0 7.49112 
9800 10850.3 908.205 12.0753 0 0 200.567 195.296 0 0.0205556 0.0133333 0 353.765 -3.41133 0 7.48213 
9825 10862.2 907.1 12.0975 0 0 200.591 195.303 0 0.0188889 0.0138889 0 354.523 -3.48438 0 7.48066 
9850 10823.4 907.73 12.0352 0 0 200.599 195.196 0 0.0155556 0.0105556 0 355.204 -3.38054 0 7.47663 
9875 10878.8 908.597 12.1174 0 0 200.589 195.168 0 0.0155556 0.00833333 0 355.901 -3.37723 0 7.46299 
9900 11021.2 908.697 12.2632 0 0 200.597 195.276 0 0.0222222 0.0122222 0 357.116 -3.28679 0 7.45909 
9925 10997.9 907.517 12.2702 0 0 200.59 195.306 0 0.0222222 0.0111111 0 357.887 -3.39018 0 7.46989 
9950 10985.5 907.565 12.3007 0 0 200.584 195.355 0 0.0183333 0.0105556 0 358.533 -3.56675 0 7.47424 
9975 11008.4 907.837 12.2546 0 0 200.591 195.236 0 0.02 0.0111111 0 359.592 -3.48284 0 7.46991 
10000 11039 906.733 12.3504 0 0 200.576 195.154 0 0.0227778 0.0138889 0 360.634 -3.46799 0 7.45698 
