# Avida Dominant Data
# Fri Oct 16 05:04:26 2015
#  1: Update
#  2: Average Merit of the Dominant Genotype
#  3: Average Gestation Time of the Dominant Genotype
#  4: Average Fitness of the Dominant Genotype
#  5: Repro Rate?
#  6: Size of Dominant Genotype
#  7: Copied Size of Dominant Genotype
#  8: Executed Size of Dominant Genotype
#  9: Abundance of Dominant Genotype
# 10: Number of Births
# 11: Number of Dominant Breed True?
# 12: Dominant Gene Depth
# 13: Dominant Breed In
# 14: Max Fitness?
# 15: Genotype ID of Dominant Genotype
# 16: Name of the Dominant Genotype

0 0 0 0 0 200 0 0 20 0 0 0 0 2.22507e-308 1 200-aaaaa 
25 197 789 0.249683 0.00126743 200 200 0 20 0 0 0 0 0.249683 1 200-aaaaa 
50 197 789 0.249683 0.00126743 200 200 0 20 0 0 0 0 0.249683 1 200-aaaaa 
75 197 789 0.249683 0.00126743 200 200 0 20 0 0 0 0 0.249683 1 200-aaaaa 
100 197 789 0.249683 0.00126743 200 200 0 20 1 0 0 0 0.249683 1 200-aaaaa 
125 197 789 0.249683 0.00126743 200 200 0 23 0 0 0 0 0.249683 1 200-aaaaa 
150 197 789 0.249683 0.00126743 200 200 0 32 0 0 0 0 0.249683 1 200-aaaaa 
175 197 789 0.249683 0.00126743 200 199.993 0 37 0 0 0 0 0.249683 1 200-aaaaa 
200 197 789 0.249683 0.00126743 200 199.977 0 37 0 0 0 0 0.249683 1 200-aaaaa 
225 197 789 0.249683 0.00126743 200 199.967 0 39 1 1 0 0 0.249683 1 200-aaaaa 
250 197 789 0.249683 0.00126743 200 199.96 0 52 0 0 0 0 0.249683 1 200-aaaaa 
275 197 789 0.249683 0.00126743 200 199.95 0 81 1 0 0 0 0.249683 1 200-aaaaa 
300 197 789 0.249683 0.00126743 200 199.934 0 95 0 0 0 0 0.249683 1 200-aaaaa 
325 197 789 0.249683 0.00126743 200 199.926 0 103 4 3 0 0 0.249683 1 200-aaaaa 
350 197 789 0.249683 0.00126743 200 199.92 0 118 0 0 0 0 0.249683 1 200-aaaaa 
375 197 789 0.249683 0.00126743 200 199.916 0 161 0 0 0 0 0.249683 1 200-aaaaa 
400 197 789 0.249683 0.00126743 200 199.913 0 207 4 1 0 0 0.249683 1 200-aaaaa 
425 197 789 0.249683 0.00126743 200 199.906 0 247 10 2 0 5 0.249683 1 200-aaaaa 
450 197 789 0.249683 0.00126743 200 199.904 0 248 0 0 0 0 0.249683 1 200-aaaaa 
475 197 789 0.249683 0.00126743 200 199.908 0 201 5 2 0 0 0.249683 1 200-aaaaa 
500 197 789 0.249683 0.00126743 200 199.909 0 157 8 0 0 4 0.249683 1 200-aaaaa 
525 197 789 0.249683 0.00126743 200 199.909 0 123 6 2 0 2 0.249683 1 200-aaaaa 
550 197 789 0.249683 0.00126743 200 199.908 0 78 0 0 0 0 0.249683 1 200-aaaaa 
575 197 789 0.249683 0.00126743 200 199.909 0 62 0 0 0 0 0.249683 1 200-aaaaa 
600 197 789 0.249683 0.00126743 200 199.908 0 36 0 0 0 0 0.249683 1 200-aaaaa 
625 197 789 0.249683 0.00126743 200 199.908 0 21 0 0 0 0 0.249683 1 200-aaaaa 
650 197 789 0.249683 0.00126743 200 199.909 0 11 0 0 0 0 0.249683 1 200-aaaaa 
675 197 789 0.249683 0.00126743 200 199.909 0 8 0 0 0 0 0.249683 1 200-aaaaa 
700 196 785 0.249682 0.00127389 199 199.436 0 5 0 0 0 0 0.249682 5 199-aaaab 
725 196 785 0.249682 0.00127389 199 199.435 0 5 0 0 0 0 0.249682 5 199-aaaab 
750 2535 777 3.26255 0.001287 199 200.071 0 3 0 0 0 0 3.26255 15644 199-aaacq 
775 2535 777 3.26255 0.001287 199 200.118 0 3 0 0 0 0 3.26255 15644 199-aaacq 
800 2561 1182 2.16667 0.000846024 200 199.833 0 3 0 0 0 0 2.16667 18048 200-aaaka 
825 2561 1182 2.16667 0.000846024 200 199.778 0 3 0 0 0 0 2.16667 18048 200-aaaka 
850 1950 779 2.50321 0.0012837 199 200 0 4 0 0 0 0 2.50321 18231 199-aaacu 
875 1950 779 2.50321 0.0012837 199 200.063 0 4 0 0 0 0 2.50321 18231 199-aaacu 
900 2535 979 2.58938 0.00102145 200 200 0 4 0 0 0 0 2.58938 16177 200-aaakv 
925 2535 979 2.58938 0.00102145 200 200 0 3 0 0 0 0 2.58938 16177 200-aaakv 
950 2561 981 2.6106 0.00101937 200 200.667 0 4 0 0 0 0 2.6106 29661 200-aaale 
975 2548 977 2.60798 0.00102354 200 198.8 0 3 0 0 0 0 2.60798 29637 200-aaalj 
1000 1880 972 1.93416 0.00102881 200 200 0 3 0 0 0 0 1.93416 21133 200-aaakw 
1025 1980 988 2.00405 0.00101215 201 201 0 3 1 0 0 0 2.00405 32718 201-aaabb 
1050 2561 781 3.27913 0.00128041 200 200.8 0 4 0 0 0 0 3.27913 34480 200-aaals 
1075 2574 987 2.6079 0.00101317 201 201 0 3 0 0 0 0 2.6079 30566 201-aaabc 
1100 2574 987 2.6079 0.00101317 201 201 0 3 0 0 0 0 2.6079 30566 201-aaabc 
1125 2548 774 3.29199 0.00129199 199 199.5 0 3 0 0 0 0 3.29199 40734 199-aaadm 
1150 2548 774 3.29199 0.00129199 199 199.667 0 2 0 0 0 0 3.29199 40734 199-aaadm 
1175 2574 985 2.6132 0.00101523 201 201 0 3 0 0 0 0 2.6132 44544 201-aaabi 
1200 2574 985 2.6132 0.00101523 201 201 0 4 0 0 0 0 2.6132 44544 201-aaabi 
1225 2574 985 2.6132 0.00101523 201 201 0 4 0 0 0 0 2.6132 44544 201-aaabi 
1250 2561 780 3.28333 0.00128205 200 199 0 3 0 0 0 0 3.28333 44104 200-aaama 
1275 2548 781 3.26248 0.00128041 200 200 0 3 0 0 0 0 3.26248 50748 200-aaamc 
1300 2548 781 3.26248 0.00128041 200 200 0 3 0 0 0 0 3.26248 50748 200-aaamc 
1325 2548 781 3.26248 0.00128041 200 199.917 0 2 0 0 0 0 3.26248 50748 200-aaamc 
1350 2574 986 2.61055 0.0010142 201 201 0 2 0 0 0 0 2.61055 54649 201-aaabm 
1375 1960 779 2.51605 0.0012837 200 200.333 0 2 0 0 0 0 2.51605 54850 200-aaamf 
1400 2561 782 3.27494 0.00127877 200 199.625 0 2 0 0 0 0 3.27494 56244 200-aaamh 
1425 2548 776 3.28351 0.00128866 199 199.25 0 3 1 0 0 0 3.28351 62602 199-aaads 
1450 2548 776 3.28351 0.00128866 199 199.333 0 3 1 0 0 0 3.28351 62602 199-aaads 
1475 2548 776 3.28351 0.00128866 199 199.333 0 3 0 0 0 0 3.28351 62602 199-aaads 
1500 1960 777 2.52252 0.001287 199 199.25 0 3 0 0 0 0 2.52252 66408 199-aaadu 
1525 1960 780 2.51282 0.00128205 200 199.667 0 2 0 0 0 0 2.51282 64704 200-no_name 
1550 1960 780 2.51282 0.00128205 200 199.875 0 2 0 0 0 0 2.51282 60763 200-aaaml 
1575 2522 976 2.58402 0.00102459 199 199 0 3 0 0 0 0 2.58402 70763 199-aaadw 
1600 2548 973 2.61871 0.00102775 199 199.833 0 3 0 0 0 0 2.61871 68257 199-aaadx 
1625 2548 973 2.61871 0.00102775 199 199.556 0 2 0 0 0 0 2.61871 68257 199-aaadx 
1650 2548 973 2.61871 0.00102775 199 199.455 0 2 0 0 0 0 2.61871 68257 199-aaadx 
1675 2535 780 3.25 0.00128205 200 198.667 0 3 0 0 0 0 3.25 80283 200-aaamo 
1700 2392 759 3.15152 0.00131752 198 200 0 3 0 0 0 0 3.15152 78677 198-aaaaz 
1725 2460.55 767 3.20801 0.00130378 200 199 0 3 0 0 0 0 3.22034 77421 200-aaamq 
1750 2522 773 3.26261 0.00129366 200 200 0 3 0 0 0 0 3.26261 86200 200-aaamt 
1775 2460.47 767 3.20791 0.00130378 200 199.133 0 3 0 0 0 0 3.22034 77421 200-aaamq 
1800 2392 966 2.47619 0.0010352 200 200 0 3 0 0 0 0 2.47619 82302 200-aaamw 
1825 2535 1178 2.15195 0.000848896 200 199.2 0 3 0 0 0 0 2.15195 85194 200-aaamx 
1850 2535 1178 2.15195 0.000848896 200 199.2 0 3 0 0 0 0 2.15195 85194 200-aaamx 
1875 2444 965 2.53264 0.00103627 200 200.667 0 2 0 0 0 0 2.53264 94610 200-aaamy 
1900 2561 779 3.28755 0.0012837 200 200.667 0 2 0 0 0 0 3.28755 93136 200-no_name 
1925 2522 773 3.26261 0.00129366 200 199.75 0 3 0 0 0 0 3.26261 91637 200-aaamz 
1950 2522 773 3.26261 0.00129366 200 199.7 0 2 0 0 0 0 3.26261 91637 200-aaamz 
1975 2496 773 3.22898 0.00129366 200 200.571 0 2 0 0 0 0 3.22898 98707 200-no_name 
2000 2496 773 3.22898 0.00129366 200 200.556 0 2 0 0 0 0 3.22898 98707 200-no_name 
2025 2548 776 3.28351 0.00128866 201 200.333 0 3 0 0 0 0 3.28351 106403 201-aaabn 
2050 2496 774 3.22481 0.00129199 200 199.667 0 3 0 0 0 0 3.22481 107744 200-aaand 
2075 2496 774 3.22481 0.00129199 200 200 0 3 0 0 0 0 3.22481 107744 200-aaand 
2100 1920 974 1.97125 0.00102669 200 200 0 2 0 0 0 0 1.97125 105532 200-no_name 
2125 2574 783 3.28736 0.00127714 202 199.714 0 3 1 0 0 0 3.28736 108741 202-aaaac 
2150 2574 783 3.28736 0.00127714 202 199.889 0 3 0 0 0 0 3.28736 108741 202-aaaac 
2175 2561 971 2.63749 0.00102987 200 200 0 2 0 0 0 0 2.63749 115412 200-aaang 
2200 2561 971 2.63749 0.00102987 200 200 0 2 0 0 0 0 2.63749 115412 200-aaang 
2225 2561 971 2.63749 0.00102987 200 200 0 3 0 0 0 0 2.63749 115412 200-aaang 
2250 2561 971 2.63749 0.00102987 200 200 0 3 0 0 0 0 2.63749 115412 200-aaang 
2275 2561 971 2.63749 0.00102987 200 200 0 3 0 0 0 0 2.63749 115412 200-aaang 
2300 2535 968 2.6188 0.00103306 199 199 0 2 0 0 0 0 2.6188 118660 199-no_name 
2325 2509 771 3.25422 0.00129702 200 200.778 0 2 0 0 0 0 3.25422 117767 200-no_name 
2350 2535 773 3.27943 0.00129366 200 199.333 0 2 0 0 0 0 3.27943 122523 200-no_name 
2375 2509 771 3.25422 0.00129702 200 200 0 2 0 0 0 0 3.25422 130996 200-aaanh 
2400 2535 773 3.27943 0.00129366 200 199.385 0 3 0 0 0 0 3.27943 122523 200-aaani 
2425 2574 780 3.3 0.00128205 201 200 0 2 0 0 0 0 3.3 131574 201-no_name 
2450 2574 780 3.3 0.00128205 201 200 0 2 0 0 0 0 3.3 131574 201-no_name 
2475 2548 775 3.28774 0.00129032 200 200 0 2 0 0 0 0 3.28774 138283 200-aaanj 
2500 3056 968 3.15702 0.00103306 200 200 0 2 0 0 0 0 3.15702 131757 200-no_name 
2525 3136 772 4.06218 0.00129534 200 200 0 2 0 0 0 0 4.06218 132635 200-no_name 
2550 3136 772 4.06218 0.00129534 200 200 0 2 0 0 0 0 4.06218 132635 200-no_name 
2575 3136 772 4.06218 0.00129534 200 200 0 2 0 0 0 0 4.06218 132635 200-no_name 
2600 3136 772 4.06218 0.00129534 200 200 0 2 0 0 0 0 4.06218 132635 200-no_name 
2625 2730 971 2.81153 0.00102987 199 199.667 0 3 0 0 0 0 3.21318 147701 199-aaaed 
2650 2730 971 2.81153 0.00102987 199 199.5 0 3 0 0 0 0 3.21318 147701 199-aaaed 
2675 2509 767 3.27119 0.00130378 199 199 0 3 0 0 0 0 3.27119 151533 199-aaaee 
2700 3104 766 4.05222 0.00130548 198 199 0 2 0 0 0 0 4.05222 147396 198-no_name 
2725 4246 961 4.41831 0.00104058 200 200 0 2 0 0 0 0 4.41831 154210 200-aaank 
2750 3686 966 3.81573 0.0010352 200 199.429 0 2 0 0 0 0 3.81573 152983 200-no_name 
2775 3686 966 3.81573 0.0010352 200 199.444 0 2 0 0 0 0 3.81573 152983 200-no_name 
2800 3109.33 768.333 4.04685 0.00130152 200 199.667 0 3 0 0 0 0 4.05722 161789 200-aaanl 
2825 4268 973 4.38643 0.00102775 200 200 0 2 0 0 0 0 4.38643 160453 200-no_name 
2850 4268 973 4.38643 0.00102775 200 200 0 2 0 0 0 0 4.38643 160453 200-no_name 
2875 4268 973 4.38643 0.00102775 200 200 0 2 0 0 0 0 4.38643 160453 200-no_name 
2900 4800 766 6.26632 0.00130548 199 198.25 0 3 0 0 0 0 6.26632 168856 199-aaaeg 
2925 3686 964 3.82365 0.00103734 199 199 0 2 0 0 0 0 3.82365 161646 199-aaaeh 
2950 3152 778 4.05141 0.00128535 201 199.714 0 3 0 0 0 0 4.05141 167310 201-aaabq 
2975 4290 772 5.55699 0.00129534 200 200.125 0 3 0 0 0 0 5.55699 167101 200-aaann 
3000 4925 970 5.07732 0.00103093 201 200.5 0 3 0 0 0 0 5.07732 174841 201-aaabr 
3025 3705 968 3.82748 0.00103306 200 200 0 2 0 0 0 0 3.82748 173391 200-aaanp 
3050 3705 968 3.82748 0.00103306 200 200 0 2 0 0 0 0 3.82748 173391 200-aaanp 
3075 5460 966 5.65217 0.0010352 200 200 0 2 0 0 0 0 5.65217 179963 200-aaanq 
3100 4750 764 6.21728 0.0013089 201 200.333 0 3 0 0 0 0 6.21728 183875 201-aaabs 
3125 3705 968 3.82748 0.00103306 200 200 0 2 0 0 0 0 3.82748 178707 200-no_name 
3150 3705 770 4.81169 0.0012987 200 199.75 0 2 0 0 0 0 4.81169 179108 200-no_name 
3175 4835.71 962.429 5.02449 0.00103904 199 199.714 0 2 0 0 0 0 5.03634 184302 199-no_name 
3200 3743 769 4.86736 0.00130039 200 199.833 0 2 0 0 0 0 4.86736 175265 200-aaanr 
3225 3743 769 4.86736 0.00130039 200 199.846 0 2 0 0 0 0 4.86736 175265 200-aaanr 
3250 3743 769 4.86736 0.00130039 200 199.8 0 2 0 0 0 0 4.86736 175265 200-aaanr 
3275 4290 968 4.43182 0.00103306 200 199.375 0 2 0 0 0 0 4.43182 190149 200-no_name 
3300 5684 774 7.34367 0.00129199 201 200.5 0 2 0 0 0 0 7.34367 198254 201-aaabt 
3325 4334 768 5.64323 0.00130208 200 200.375 0 2 0 0 0 0 5.64323 195690 200-no_name 
3350 4202 764 5.5 0.0013089 200 200.182 0 2 0 0 0 0 5.5 189856 200-no_name 
3375 3404.5 962.5 3.53698 0.00103896 199 199.75 0 2 0 0 0 0 3.84735 198059 199-aaaei 
3400 3667 760 4.825 0.00131579 199 199 0 3 0 0 0 0 4.825 199389 199-aaaek 
3425 3667 760 4.825 0.00131579 199 199 0 2 0 0 0 0 4.825 199389 199-aaaek 
3450 5021.25 975 5.15 0.00102564 201 199.5 0 2 0 0 0 0 5.6 200893 201-no_name 
3475 4268 767 5.56454 0.00130378 199 199.4 0 2 0 0 0 0 5.56454 209088 199-no_name 
3500 4808.33 957.333 5.02263 0.00104457 198 198 0 2 0 0 0 0 5.03653 209704 198-no_name 
3525 4326.67 977.667 4.4255 0.00102284 202 201.333 0 2 0 0 0 0 4.43149 204805 202-no_name 
3550 4268 966 4.41822 0.0010352 199 199.667 0 3 0 0 0 0 4.41822 216248 199-aaael 
3575 4328 977.727 4.42659 0.00102278 202 201.364 0 3 0 0 0 0 4.43149 204805 202-aaaad 
3600 4329.29 977.786 4.42764 0.00102272 202 201.429 0 3 0 0 0 0 4.43149 204805 202-aaaad 
3625 4850 764 6.34817 0.0013089 200 200.429 0 2 0 0 0 0 6.34817 208350 200-no_name 
3650 4439 758 5.8562 0.00131926 199 199 0 2 0 0 0 0 6.36544 223112 199-aaaem 
3675 4268 771 5.53567 0.00129702 200 200 0 2 0 0 0 0 5.53567 222339 200-no_name 
3700 4290 763 5.62254 0.00131062 199 199 0 2 0 0 0 0 5.62254 227835 199-aaaen 
3725 5460 764 7.1466 0.0013089 200 200 0 2 0 0 0 0 7.1466 229082 200-aaant 
3750 4825 764 6.31545 0.0013089 200 200 0 3 3 2 0 1 6.31545 230689 200-aaanu 
3775 4825 764 6.31545 0.0013089 200 199.8 0 2 1 0 0 0 6.31545 230689 200-aaanu 
3800 6014 757 7.94452 0.001321 199 199 0 2 0 0 0 0 7.94452 230845 199-no_name 
3825 4268 959 4.45047 0.00104275 200 200 0 3 0 0 0 0 4.45047 232457 200-aaanv 
3850 4114 957 4.29885 0.00104493 199 199.75 0 2 0 0 0 0 4.29885 232976 199-no_name 
3875 4114 957 4.29885 0.00104493 199 199.667 0 2 0 0 0 0 4.29885 232976 199-no_name 
3900 4114 957 4.29885 0.00104493 199 199.625 0 2 0 0 0 0 4.29885 232976 199-no_name 
3925 6984 764 9.14136 0.0013089 200 200.647 0 2 0 0 0 0 9.14136 233726 200-no_name 
3950 3120 767 4.0678 0.00130378 199 199 0 2 0 0 0 0 4.0678 244007 199-no_name 
3975 7231 962.4 7.51395 0.00103907 200 200 0 2 0 0 0 0 8.22557 246104 200-aaanw 
4000 5983 962 6.21933 0.0010395 199 199 0 2 0 0 0 0 6.21933 245781 199-no_name 
4025 5488 963 5.69886 0.00103842 200 200 0 3 0 0 0 0 5.69886 249052 200-aaanx 
4050 6790 961 7.06556 0.00104058 200 200 0 2 0 0 0 0 7.06556 249283 200-no_name 
4075 5597 963 5.81205 0.00103842 199 199 0 2 0 0 0 0 5.81205 246880 199-no_name 
4100 6698 970 6.90515 0.00103093 200 200 0 2 0 0 0 0 6.90515 254291 200-no_name 
4125 5597 963 5.81205 0.00103842 200 200.6 0 2 0 0 0 0 5.81205 256597 200-no_name 
4150 5516 772 7.14508 0.00129534 200 199.714 0 2 0 0 0 0 7.14508 255706 200-no_name 
4175 7995 957 8.35423 0.00104493 200 200.7 0 2 0 0 0 0 8.35423 254915 200-no_name 
4200 4301 766.5 5.61121 0.00130463 201 200.5 0 2 0 0 0 0 5.6219 262091 201-no_name 
4225 4303.2 766.6 5.61335 0.00130446 201 200.2 0 2 0 0 0 0 5.6219 262091 201-no_name 
4250 4850 764 6.34817 0.0013089 199 199.333 0 2 0 0 0 0 6.34817 262863 199-no_name 
4275 4875 966 5.04658 0.0010352 200 200 0 3 0 0 0 0 5.04658 268189 200-aaanz 
4300 4875 966 5.04658 0.0010352 200 200 0 2 0 0 0 0 5.04658 268189 200-aaanz 
4325 4875 966 5.04658 0.0010352 200 200 0 2 0 0 0 0 5.04658 268189 200-aaanz 
4350 4875 966 5.04658 0.0010352 200 200 0 2 0 0 0 0 5.04658 268189 200-aaanz 
4375 5586.13 957.625 5.83331 0.00104425 199 199 0 2 0 0 0 0 5.84238 270201 199-no_name 
4400 4850 761 6.37319 0.00131406 200 200 0 2 0 0 0 0 6.37319 273723 200-no_name 
4425 4900 763 6.42202 0.00131062 201 199.25 0 2 0 0 0 0 6.42202 276859 201-no_name 
4450 4900 763 6.42202 0.00131062 201 199.333 0 2 0 0 0 0 6.42202 276859 201-no_name 
4475 7220 957 7.54441 0.00104493 199 199.667 0 2 0 0 0 0 7.54441 279629 199-no_name 
4500 7410 764 9.69895 0.0013089 200 200 0 2 0 0 0 0 9.69895 282748 200-no_name 
4525 6528 758 8.61214 0.00131926 199 199.182 0 2 0 0 0 0 8.61214 277386 199-no_name 
4550 6528 758 8.61214 0.00131926 199 199.231 0 2 0 0 0 0 8.61214 277386 199-no_name 
4575 6176 757.75 8.15045 0.0013197 199 199.875 0 2 0 0 0 0 8.15852 283423 199-aaaeo 
4600 5655 957 5.90909 0.00104493 198 199.429 0 2 0 0 0 0 5.90909 285017 198-no_name 
4625 6769 761.4 8.89019 0.00131337 200 199.6 0 2 0 0 0 0 8.91076 293656 200-no_name 
4650 6664 766 8.69974 0.00130548 201 200.714 0 2 0 0 0 0 8.69974 293301 201-no_name 
4675 6664 766 8.69974 0.00130548 201 200.667 0 2 0 0 0 0 8.69974 293301 201-no_name 
4700 7995 965 8.28497 0.00103627 201 201 0 2 0 0 0 0 8.28497 299797 201-no_name 
4725 7995 965 8.28497 0.00103627 201 201 0 2 0 0 0 0 8.28497 299797 201-no_name 
4750 7448 951 7.83176 0.00105152 200 200.6 0 2 0 0 0 0 7.83176 302772 200-no_name 
4775 7372 758 9.72559 0.00131926 200 199.667 0 3 0 0 0 0 9.72559 307026 200-aaaoa 
4800 7831 767 10.2099 0.00130378 202 200.667 0 2 0 0 0 0 10.2099 305164 202-no_name 
4825 7831 767 10.2099 0.00130378 202 200.636 0 2 0 0 0 0 10.2099 305164 202-no_name 
4850 7296 951 7.67192 0.00105152 199 199 0 2 0 0 0 0 7.67192 309797 199-no_name 
4875 7296 951 7.67192 0.00105152 199 199 0 2 0 0 0 0 7.67192 309797 199-no_name 
4900 7448 965 7.71813 0.00103627 200 199.143 0 2 0 0 0 0 7.71813 294626 200-no_name 
4925 6020 768 7.83854 0.00130208 201 199.286 0 2 0 0 0 0 8.93229 312258 201-no_name 
4950 6125 768 7.97526 0.00130208 201 199.375 0 2 0 0 0 0 8.93229 312258 201-no_name 
4975 6755 955 7.0733 0.00104712 199 199 0 2 0 0 0 0 7.0733 319462 199-no_name 
5000 6755 955 7.0733 0.00104712 199 199 0 2 0 0 0 0 7.0733 319462 199-no_name 
5025 6755 955 7.0733 0.00104712 199 199 0 2 0 0 0 0 7.0733 319462 199-no_name 
5050 6755 955 7.0733 0.00104712 199 199 0 2 0 0 0 0 7.0733 319462 199-no_name 
5075 7667 953 8.04512 0.00104932 200 200 0 2 0 0 0 0 8.04512 316164 200-no_name 
5100 6272 767 8.17731 0.00130378 201 200.2 0 2 0 0 0 0 8.17731 328041 201-no_name 
5125 6272 767 8.17731 0.00130378 201 200.143 0 2 0 0 0 0 8.17731 328041 201-no_name 
5150 6825 959 7.11679 0.00104275 200 200 0 2 0 0 0 0 7.11679 327478 200-no_name 
5175 6825 959 7.11679 0.00104275 200 200 0 2 0 0 0 0 7.11679 327478 200-no_name 
5200 8229 769 10.7009 0.00130039 200 199 0 2 0 0 0 0 11.9181 337035 200-no_name 
5225 6984 963 7.25234 0.00103842 200 200 0 2 0 0 0 0 7.25234 334968 200-no_name 
5250 7913 752 10.5226 0.00132979 199 199 0 2 0 0 0 0 10.5226 337051 199-no_name 
5275 7913 752 10.5226 0.00132979 199 199 0 2 0 0 0 0 10.5226 337051 199-no_name 
5300 5655 766 7.38251 0.00130548 200 200.333 0 2 0 0 0 0 7.38251 344053 200-aaaoc 
5325 5655 766 7.38251 0.00130548 200 200.4 0 2 0 0 0 0 7.38251 344053 200-aaaoc 
5350 5655 766 7.38251 0.00130548 200 200.429 0 2 0 0 0 0 7.38251 344053 200-aaaoc 
5375 7913 958 8.25992 0.00104384 200 200 0 2 0 0 0 0 8.25992 347753 200-no_name 
5400 7913 958 8.25992 0.00104384 200 200 0 2 0 0 0 0 8.25992 347753 200-no_name 
5425 10976 757 14.4993 0.001321 200 200 0 3 0 0 0 0 14.4993 356573 200-aaaod 
5450 9165 965 9.49741 0.00103627 200 200 0 2 0 0 0 0 9.49741 348999 200-no_name 
5475 9165 965 9.49741 0.00103627 200 200 0 2 0 0 0 0 9.49741 348999 200-no_name 
5500 9165 965 9.49741 0.00103627 200 200 0 2 0 0 0 0 9.49741 348999 200-no_name 
5525 9118 955 9.54764 0.00104712 200 200 0 2 0 0 0 0 9.54764 356491 200-no_name 
5550 7872 754 10.4403 0.00132626 198 200 0 2 0 0 0 0 10.4403 357381 198-no_name 
5575 7872 754 10.4403 0.00132626 198 200 0 2 0 0 0 0 10.4403 357381 198-no_name 
5600 7913 947 8.35586 0.00105597 199 199 0 2 0 0 0 0 8.35586 359600 199-no_name 
5625 7913 947 8.35586 0.00105597 199 199 0 2 0 0 0 0 8.35586 359600 199-no_name 
5650 7720 956 8.07531 0.00104603 199 199.667 0 2 0 0 0 0 8.2772 365400 199-no_name 
5675 7695.88 956 8.05008 0.00104603 199 199.625 0 2 0 0 0 0 8.2772 365400 199-no_name 
5700 5597 949 5.89779 0.00105374 199 199.667 0 2 0 0 0 0 5.89779 371358 199-no_name 
5725 6176 751 8.2237 0.00133156 198 200 0 2 0 0 0 0 8.2237 373302 198-no_name 
5750 6014 768 7.83073 0.00130208 200 200 0 2 0 0 0 0 7.83073 371835 200-aaaoe 
5775 7995 762 10.4921 0.00131234 199 199.4 0 2 0 0 0 0 10.4921 378281 199-aaaep 
5800 6014 768 7.83073 0.00130208 200 200 0 2 0 0 0 0 7.83073 371835 200-aaaoe 
5825 8624 757 11.3923 0.001321 199 198.714 0 2 0 0 0 0 11.3923 380311 199-no_name 
5850 9259 766 12.0875 0.00130548 201 200 0 2 0 0 0 0 12.0875 377926 201-no_name 
5875 8492 748 11.3529 0.0013369 199 199.789 0 2 0 0 0 0 11.3529 367475 199-no_name 
5900 8492 748 11.3529 0.0013369 199 199.762 0 2 0 0 0 0 11.3529 367475 199-no_name 
5925 7913 956 8.2772 0.00104603 200 200 0 2 0 0 0 0 8.2772 384187 200-no_name 
5950 8448 950 8.89263 0.00105263 199 199 0 2 0 0 0 0 8.89263 388383 199-no_name 
5975 8448 950 8.89263 0.00105263 199 199 0 2 0 0 0 0 8.89263 388383 199-no_name 
6000 7995 968 8.2593 0.00103306 202 202 0 2 0 0 0 0 8.2593 397251 202-no_name 
6025 7995 968 8.2593 0.00103306 202 202 0 2 0 0 0 0 8.2593 397251 202-no_name 
6050 9845.5 959 10.2664 0.00104275 199 198.25 0 2 0 0 0 0 10.7216 399571 199-aaaeq 
6075 8536 956 8.92887 0.00104603 200 200.75 0 2 0 0 0 0 8.92887 393801 200-no_name 
6100 8536 956 8.92887 0.00104603 200 200.7 0 2 0 0 0 0 8.92887 393801 200-no_name 
6125 8624 956 9.02092 0.00104603 200 200.6 0 2 0 0 0 0 9.02092 403344 200-no_name 
6150 8624 956 9.02092 0.00104603 200 200.571 0 2 0 0 0 0 9.02092 403344 200-no_name 
6175 7141 955 7.47749 0.00104712 199 199 0 2 0 0 0 0 7.47749 405301 199-no_name 
6200 4268 755 5.65298 0.0013245 199 198.8 0 2 0 0 0 0 5.65298 405936 199-no_name 
6225 8492 953 8.91081 0.00104932 200 200 0 2 0 0 0 0 8.91081 406558 200-no_name 
6250 8492 953 8.91081 0.00104932 200 200 0 2 0 0 0 0 8.91081 406558 200-no_name 
6275 7215 950 7.59474 0.00105263 199 199 0 2 0 0 0 0 7.59474 404474 199-no_name 
6300 8543.33 756.167 11.2982 0.00132246 200 199.417 0 2 0 0 0 0 11.3342 409932 200-no_name 
6325 6144 955 6.43351 0.00104712 199 199 0 2 0 0 0 0 6.43351 415090 199-no_name 
6350 6144 955 6.43351 0.00104712 199 199 0 2 0 0 0 0 6.43351 415090 199-no_name 
6375 11505 959 11.9969 0.00104275 200 200 0 3 1 0 0 0 11.9969 423325 200-aaaog 
6400 11505 959 11.9969 0.00104275 200 200 0 2 0 0 0 0 11.9969 423325 200-aaaog 
6425 11505 959 11.9969 0.00104275 200 200 0 2 0 0 0 0 11.9969 423325 200-aaaog 
6450 11172 957 11.674 0.00104493 200 200 0 2 0 0 0 0 11.674 418453 200-no_name 
6475 9700 764 12.6963 0.0013089 200 199 0 2 0 0 0 0 12.6963 428851 200-no_name 
6500 7872 953 8.26023 0.00104932 200 200 0 2 0 0 0 0 8.26023 429526 200-no_name 
6525 9216 958 9.62004 0.00104384 200 200 0 3 0 0 0 0 9.62004 433768 200-aaaoh 
6550 9216 958 9.62004 0.00104384 200 200 0 4 0 0 0 0 9.62004 433768 200-aaaoh 
6575 9216 958 9.62004 0.00104384 200 200 0 3 0 0 0 0 9.62004 433768 200-aaaoh 
6600 9216 958 9.62004 0.00104384 200 200 0 3 0 0 0 0 9.62004 433768 200-aaaoh 
6625 9165 960 9.54688 0.00104167 200 200 0 2 0 0 0 0 9.54688 438332 200-no_name 
6650 5510 757 7.27873 0.001321 200 200 0 2 0 0 0 0 7.27873 443520 200-no_name 
6675 5510 757 7.27873 0.001321 200 200 0 2 0 0 0 0 7.27873 443520 200-no_name 
6700 10976 961 11.4214 0.00104058 200 200 0 2 0 0 0 0 11.4214 445317 200-no_name 
6725 8299 956 8.68096 0.00104603 200 200 0 3 3 2 0 1 8.68096 449219 200-aaaok 
6750 5376 951 5.653 0.00105152 199 199.75 0 2 0 0 0 0 6.25868 446103 199-no_name 
6775 9165 956 9.58682 0.00104603 200 200 0 2 0 0 0 0 9.58682 447739 200-no_name 
6800 9700 757 12.8137 0.001321 199 200 0 2 0 0 0 0 12.8137 456958 199-no_name 
6825 9700 757 12.8137 0.001321 199 200 0 2 0 0 0 0 12.8137 456958 199-no_name 
6850 7178 951 7.54784 0.00105152 200 200 0 2 0 0 0 0 7.54784 454402 200-no_name 
6875 11966 754 15.87 0.00132626 199 199.4 0 2 0 0 0 0 15.87 463291 199-no_name 
6900 11966 754 15.87 0.00132626 199 199.429 0 2 0 0 0 0 15.87 463291 199-no_name 
6925 9800 760 12.8947 0.00131579 200 200 0 2 0 0 0 0 12.8947 466492 200-no_name 
6950 9800 760 12.8947 0.00131579 200 200 0 2 0 0 0 0 12.8947 466492 200-no_name 
6975 6664 949 7.02213 0.00105374 200 200 0 2 0 0 0 0 7.02213 468316 200-no_name 
7000 6664 949 7.02213 0.00105374 200 200 0 2 0 0 0 0 7.02213 468316 200-no_name 
7025 7954 749 10.6195 0.00133511 200 199.571 0 2 0 0 0 0 10.6195 469581 200-no_name 
7050 12804 757 16.9141 0.001321 200 200 0 2 0 0 0 0 16.9141 468151 200-no_name 
7075 12804 757 16.9141 0.001321 200 200 0 2 0 0 0 0 16.9141 468151 200-no_name 
7100 6630 954 6.94969 0.00104822 199 199 0 2 0 0 0 0 6.94969 464890 199-no_name 
7125 6630 954 6.94969 0.00104822 199 199 0 2 0 0 0 0 6.94969 464890 199-no_name 
7150 9154 972 9.4177 0.00102881 203 202.25 0 2 0 0 0 0 9.4177 479807 203-no_name 
7175 10752 750 14.336 0.00133333 200 200 0 2 0 0 0 0 14.336 482505 200-no_name 
7200 12285 761 16.1432 0.00131406 200 200 0 2 0 0 0 0 16.1432 470749 200-no_name 
7225 12285 761 16.1432 0.00131406 200 200 0 2 0 0 0 0 16.1432 470749 200-no_name 
7250 10282 758 13.5646 0.00131926 200 199.571 0 2 0 0 0 0 13.5646 488875 200-no_name 
7275 7178 963 7.45379 0.00103842 201 201 0 2 0 0 0 0 7.45379 489961 201-no_name 
7300 9118 765 11.919 0.00130719 201 200 0 2 0 0 0 0 11.919 488811 201-no_name 
7325 9118 765 11.919 0.00130719 201 200 0 2 0 0 0 0 11.919 488811 201-no_name 
7350 9118 765 11.919 0.00130719 201 200 0 2 0 0 0 0 11.919 488811 201-no_name 
7375 13002 766 16.9739 0.00130548 201 199.75 0 3 0 0 0 0 16.9739 497128 201-aaabu 
7400 7067 949 7.44679 0.00105374 199 199 0 2 0 0 0 0 7.44679 497817 199-no_name 
7425 5568 956 5.82427 0.00104603 199 199.667 0 2 0 0 0 0 5.82427 499984 199-no_name 
7450 13409 759 17.6667 0.00131752 200 200 0 3 0 0 0 0 17.7273 507443 200-aaaol 
7475 13409 759 17.6667 0.00131752 200 200 0 3 0 0 0 0 17.7273 507443 200-aaaol 
7500 8492 962 8.82744 0.0010395 200 200 0 2 0 0 0 0 8.82744 506493 200-no_name 
7525 12034.3 960 12.5357 0.00104167 200 200 0 2 0 0 0 0 13.4063 505572 200-no_name 
7550 12804 955 13.4073 0.00104712 201 201.571 0 2 0 0 0 0 13.4073 510220 201-no_name 
7575 12804 955 13.4073 0.00104712 201 201.556 0 2 0 0 0 0 13.4073 510220 201-no_name 
7600 12348 954 12.9434 0.00104822 200 200 0 2 0 0 0 0 12.9434 511594 200-no_name 
7625 10692 968 11.0455 0.00103306 202 202 0 2 0 0 0 0 11.0455 513066 202-no_name 
7650 10692 968 11.0455 0.00103306 202 202 0 2 0 0 0 0 11.0455 513066 202-no_name 
7675 12152 963 12.6189 0.00103842 200 200 0 2 0 0 0 0 12.6189 513600 200-no_name 
7700 10112.3 760 13.3056 0.00131579 200 200 0 2 0 0 0 0 13.7842 518485 200-no_name 
7725 12411 767 16.1812 0.00130378 201 200 0 2 0 0 0 0 16.1812 527063 201-aaabv 
7750 12411 767 16.1812 0.00130378 201 200.2 0 2 0 0 0 0 16.1812 527063 201-aaabv 
7775 12411 767 16.1812 0.00130378 201 200.333 0 2 0 0 0 0 16.1812 527063 201-aaabv 
7800 12411 767 16.1812 0.00130378 201 200.364 0 2 0 0 0 0 16.1812 527063 201-aaabv 
7825 9945 763 13.0341 0.00131062 201 199.308 0 2 0 0 0 0 13.0341 520647 201-no_name 
7850 7851 951 8.25552 0.00105152 200 200 0 2 0 0 0 0 10.0946 528984 200-no_name 
7875 11115 755 14.7219 0.0013245 200 200.571 0 2 0 0 0 0 14.7219 535034 200-aaaom 
7900 11032 965 11.4321 0.00103627 200 200 0 2 0 0 0 0 11.4321 534467 200-no_name 
7925 11032 965 11.4321 0.00103627 200 200 0 2 0 0 0 0 11.4321 534467 200-no_name 
7950 12480 958 13.0271 0.00104384 200 200 0 2 0 0 0 0 13.0271 528308 200-no_name 
7975 11760 956 12.3013 0.00104603 200 200 0 2 0 0 0 0 12.3013 541874 200-no_name 
8000 11505 748 15.381 0.0013369 200 200.75 0 2 0 0 0 0 15.381 542476 200-no_name 
8025 11700 764 15.3141 0.0013089 200 200.2 0 2 0 0 0 0 15.3141 546997 200-no_name 
8050 8019.38 951 8.43257 0.00105152 200 200 0 2 0 0 0 0 8.81703 533501 200-no_name 
8075 10584 754 14.0371 0.00132626 200 200 0 2 0 0 0 0 14.0371 549206 200-no_name 
8100 12804 769 16.6502 0.00130039 200 199.667 0 2 0 0 0 0 16.6502 548563 200-no_name 
8125 12804 769 16.6502 0.00130039 200 199.636 0 2 0 0 0 0 16.6502 548563 200-no_name 
8150 12804 769 16.6502 0.00130039 200 199.6 0 2 0 0 0 0 16.6502 548563 200-no_name 
8175 12804 769 16.6502 0.00130039 200 199.588 0 2 0 0 0 0 16.6502 548563 200-no_name 
8200 9212 964 9.55602 0.00103734 200 200 0 2 0 0 0 0 9.55602 556546 200-no_name 
8225 10441 763 13.6841 0.00131062 201 200 0 2 0 0 0 0 13.6841 557709 201-no_name 
8250 10441 763 13.6841 0.00131062 201 200 0 2 0 0 0 0 13.6841 557709 201-no_name 
8275 13593 758 17.9327 0.00131926 200 200 0 2 0 0 0 0 17.9327 556855 200-no_name 
8300 13593 758 17.9327 0.00131926 200 200 0 2 0 0 0 0 17.9327 556855 200-no_name 
8325 13593 758 17.9327 0.00131926 200 200 0 2 0 0 0 0 17.9327 556855 200-no_name 
8350 12936 761 16.9987 0.00131406 200 200.375 0 2 0 0 0 0 16.9987 561601 200-no_name 
8375 10808 953 11.341 0.00104932 200 200 0 3 0 0 0 0 11.341 571903 200-aaaoo 
8400 6144 760 8.08421 0.00131579 200 200.2 0 2 0 0 0 0 8.08421 567898 200-no_name 
8425 7995 769 10.3966 0.00130039 201 198.4 0 2 0 0 0 0 10.3966 573165 201-no_name 
8450 7995 769 10.3966 0.00130039 201 198.667 0 2 0 0 0 0 10.3966 573165 201-no_name 
8475 7995 769 10.3966 0.00130039 201 198.571 0 2 0 0 0 0 10.3966 573165 201-no_name 
8500 10864 958 11.3403 0.00104384 199 199.667 0 2 0 0 0 0 11.3403 582277 199-aaaer 
8525 9996 762 13.1181 0.00131234 200 200 0 2 0 0 0 0 13.1181 582530 200-no_name 
8550 9996 762 13.1181 0.00131234 200 199.857 0 2 0 0 0 0 13.1181 582530 200-no_name 
8575 11640 759 15.336 0.00131752 200 200.6 0 2 0 0 0 0 15.336 583136 200-no_name 
8600 5597 760 7.36447 0.00131579 200 199.833 0 2 0 0 0 0 7.36447 578346 200-no_name 
8625 5597 760 7.36447 0.00131579 200 199.833 0 2 0 0 0 0 7.36447 578346 200-no_name 
8650 8977 950 9.44947 0.00105263 200 200 0 2 0 0 0 0 9.44947 591668 200-no_name 
8675 9650 761 12.6807 0.00131406 201 200 0 2 0 0 0 0 12.6807 586039 201-no_name 
8700 13896 958 14.5052 0.00104384 200 200 0 3 0 0 0 0 14.5052 589599 200-aaaop 
8725 14040 760 18.4737 0.00131579 200 200.2 0 2 0 0 0 0 18.4737 598735 200-aaaoq 
8750 14040 760 18.4737 0.00131579 200 200.286 0 2 0 0 0 0 18.4737 598735 200-aaaoq 
8775 13968 751 18.5992 0.00133156 200 200.4 0 2 0 0 0 0 18.5992 599156 200-no_name 
8800 13968 751 18.5992 0.00133156 200 200.462 0 2 0 0 0 0 18.5992 599156 200-no_name 
8825 14308 961 14.8887 0.00104058 200 199.429 0 2 0 0 0 0 14.8887 603215 200-no_name 
8850 9174.57 764 12.0086 0.0013089 200 200.714 0 3 0 0 0 0 13.6662 603052 200-aaaor 
8875 14308 961 14.8887 0.00104058 200 199.417 0 2 0 0 0 0 14.8887 603215 200-no_name 
8900 10368 959 10.8113 0.00104275 200 200 0 2 0 0 0 0 10.8113 609199 200-no_name 
8925 10335 767 13.4746 0.00130378 200 200 0 2 0 0 0 0 13.4746 614365 200-no_name 
8950 14601 958.75 15.2292 0.00104302 200 200 0 2 0 0 0 0 15.6976 614782 200-no_name 
8975 13524 963 14.0436 0.00103842 201 201 0 2 0 0 0 0 14.0436 605129 201-no_name 
9000 11252 763 14.7471 0.00131062 201 199.333 0 3 0 0 0 0 15.2556 620700 201-aaabw 
9025 11174.4 763 14.6453 0.00131062 201 199.6 0 2 0 0 0 0 15.2556 620700 201-aaabw 
9050 14040 764 18.377 0.0013089 199 200.375 0 2 0 0 0 0 18.377 620250 199-no_name 
9075 14040 764 18.377 0.0013089 199 200.417 0 2 0 0 0 0 18.377 620250 199-no_name 
9100 13720 963 14.2471 0.00103842 200 200 0 2 0 0 0 0 14.2471 623992 200-no_name 
9125 6363.2 959 6.63525 0.00104275 200 200 0 2 0 0 0 0 6.878 619190 200-no_name 
9150 9800 760 12.8947 0.00131579 200 200.154 0 2 0 0 0 0 12.8947 612816 200-no_name 
9175 10584 962 11.0021 0.0010395 201 200.4 0 2 0 0 0 0 11.0021 629812 201-no_name 
9200 11088 963 11.514 0.00103842 201 200.333 0 2 0 0 0 0 11.514 629562 201-no_name 
9225 4992 751 6.64714 0.00133156 199 201 0 2 0 0 0 0 6.64714 633332 199-no_name 
9250 13968 762 18.3307 0.00131234 200 201.556 0 2 0 0 0 0 18.3307 635999 200-no_name 
9275 13968 762 18.3307 0.00131234 200 201.545 0 2 0 0 0 0 18.3307 635999 200-no_name 
9300 13968 762 18.3307 0.00131234 200 201.538 0 2 0 0 0 0 18.3307 635999 200-no_name 
9325 13968 762 18.3307 0.00131234 200 201.529 0 2 0 0 0 0 18.3307 635999 200-no_name 
9350 13455 765 17.5882 0.00130719 200 201.667 0 2 0 0 0 0 17.5882 638014 200-no_name 
9375 12936 768 16.8438 0.00130208 201 200 0 2 0 0 0 0 16.8438 643951 201-no_name 
9400 14625 956 15.2981 0.00104603 200 200 0 3 3 2 0 1 15.2981 651000 200-aaaos 
9425 14625 956 15.2981 0.00104603 200 200 0 3 1 0 0 0 15.2981 651000 200-aaaos 
9450 12870 762 16.8898 0.00131234 200 200.444 0 2 0 0 0 0 16.8898 649726 200-no_name 
9475 12870 762 16.8898 0.00131234 200 200.455 0 2 0 0 0 0 16.8898 649726 200-no_name 
9500 12870 762 16.8898 0.00131234 200 200.462 0 2 0 0 0 0 16.8898 649726 200-no_name 
9525 12870 762 16.8898 0.00131234 200 200.467 0 2 0 0 0 0 16.8898 649726 200-no_name 
9550 14040 958 14.6555 0.00104384 200 200 0 2 0 0 0 0 14.6555 650652 200-no_name 
9575 10229 765 13.3712 0.00130719 201 200.222 0 2 0 0 0 0 13.3712 652764 201-no_name 
9600 7215 970 7.43814 0.00103093 201 201 0 2 0 0 0 0 7.43814 662508 201-no_name 
9625 13386 963 13.9003 0.00103842 200 200 0 2 0 0 0 0 13.9003 661577 200-no_name 
9650 13386 963 13.9003 0.00103842 200 200 0 2 0 0 0 0 13.9003 661577 200-no_name 
9675 13641.6 961 14.1952 0.00104058 200 200.6 0 2 0 0 0 0 14.6847 668358 200-no_name 
9700 14335.4 962.375 14.8958 0.0010391 201 200.375 0 2 0 0 0 0 14.9335 667139 201-no_name 
9725 13524 967 13.9855 0.00103413 202 201.429 0 2 0 0 0 0 13.9855 670403 202-no_name 
9750 13524 967 13.9855 0.00103413 202 201.444 0 2 0 0 0 0 13.9855 670403 202-no_name 
9775 13524 967 13.9855 0.00103413 202 201.455 0 2 0 0 0 0 13.9855 670403 202-no_name 
9800 13524 967 13.9855 0.00103413 202 201.462 0 3 0 0 0 0 13.9855 670403 202-aaaae 
9825 10441 967 10.7973 0.00103413 202 201.2 0 2 0 0 0 0 10.7973 675212 202-no_name 
9850 9212 763 12.0734 0.00131062 201 200.25 0 2 0 0 0 0 12.0734 680901 201-no_name 
9875 13593 764 17.7919 0.0013089 201 200.6 0 3 0 0 0 0 17.7919 684333 201-aaaby 
9900 11280 953 11.8363 0.00104932 200 200.769 0 2 0 0 0 0 11.8363 666725 200-no_name 
9925 12870 960 13.4063 0.00104167 201 201 0 2 0 0 0 0 13.4063 683929 201-no_name 
9950 12870 960 13.4063 0.00104167 201 201 0 2 0 0 0 0 13.4063 683929 201-no_name 
9975 7995 963 8.30218 0.00103842 200 200.714 0 2 0 0 0 0 8.30218 681590 200-no_name 
10000 7995 963 8.30218 0.00103842 200 200.714 0 2 0 0 0 0 8.30218 681590 200-no_name 
